10000
10002
10006
10008
10009
1000
10010
10011
10015
10017
10019
1001
10020
10022
10023
10024
10026
10029
1002
10030
10031
10032
10033
10034
10035
10037
1003
10040
10045
1004
10050
10052
10054
10055
10056
10057
1005
10063
10065
10069
10070
10071
10075
10076
10082
1008
10090
10092
10094
10095
10096
10097
10098
10100
10101
10102
10103
10104
1010
10112
10113
10114
10115
10117
1011
10121
10123
10124
10125
10127
10132
10134
10135
10138
10139
10143
10144
10145
10148
10149
10153
10157
10163
10164
10166
1016
10170
10172
10174
10176
10177
10178
10179
1017
10180
10181
10182
10183
10184
10185
10186
10189
10190
10191
10195
10197
10199
101
10203
10205
10206
10207
10209
1020
10210
10216
10218
10219
1021
10221
10222
10223
10224
10225
10226
10230
10233
10235
10236
10238
1023
10240
10245
10246
10247
10251
10252
10255
10256
10257
10258
10261
10262
10266
10267
10269
10271
10273
10277
10278
10280
10282
10287
10289
10290
10292
10293
10296
1029
102
10300
10301
10303
10308
10310
10311
10316
10319
10320
10321
10322
10323
10324
10326
10330
10331
10334
10335
10336
10337
10340
10342
10347
10348
10349
10356
1035
10360
10362
10366
10369
10371
10372
10373
10375
10377
10380
10381
10382
10383
10385
10387
10389
10391
10393
10396
10398
10399
103
10401
10403
10405
10408
10409
10410
10411
10413
10414
10415
10416
10417
10418
10423
10428
10429
1042
10430
10432
10434
10437
10440
10445
10447
10449
10454
10455
10457
10463
10467
10469
10470
10473
10475
10478
10479
1047
10481
10484
10485
10488
10489
10494
10498
10499
1049
104
10501
10502
10503
10504
10505
10507
10509
10513
10514
10515
10517
10518
1051
10520
10521
10524
10525
10528
10530
10532
10533
10534
10535
10536
10537
10538
1053
10540
10541
10547
10549
10550
10551
10552
10554
10555
10558
10559
10560
10564
10566
10567
10568
10569
1056
10571
10573
10575
10576
10577
10579
1057
10581
10584
10587
10588
1058
10591
10592
10594
10595
10599
1059
105
10600
10601
10603
10605
10608
10610
10611
10612
10613
10614
10615
10616
10617
10622
10624
10628
10629
10630
10631
10632
10634
10636
10643
10647
10648
10649
1064
10650
10652
10655
10656
10657
10659
1065
10661
10663
10664
10665
10667
10668
10669
1066
10671
10673
10678
10680
10682
10684
10687
10690
10694
10695
10696
10697
10699
1069
106
10703
10704
10706
1070
10711
10716
1071
10720
10721
10722
10725
10726
1072
10732
10733
10735
10736
10739
10741
10742
10744
10745
10746
10747
10749
1074
10750
10752
10753
10756
10757
10758
10759
1075
10760
10762
10763
10766
10768
10769
1076
10770
10772
10773
10780
10781
10783
10786
10788
10793
10794
10795
10796
1079
107
10801
10802
10804
10805
10806
10808
10814
10815
10816
10820
10821
10822
10824
10825
10827
10828
1082
10830
10831
10832
10833
10835
10836
10837
10838
10841
10844
10845
10846
10847
10848
1084
10852
10854
10855
1085
10861
10863
10864
10865
10866
10868
1086
10871
10872
10875
10876
10878
10879
10880
10881
10883
10884
10886
10887
10888
1088
10892
10893
10894
10895
10896
10897
10899
1089
10901
10902
10906
10907
10910
10913
10915
10916
10918
10920
10922
10924
10925
10927
10928
10929
10932
10936
10937
1093
10942
10943
10947
10948
1094
10950
10953
10954
10955
10956
1095
10962
10964
10965
10966
10967
1096
10970
10975
10976
10978
10979
1097
10982
10986
10988
10989
10992
10994
10996
1099
11001
11002
11007
1100
11012
11014
11015
11016
11017
11018
11019
11022
11023
11027
11029
11033
11034
11036
11037
11039
11041
11043
11047
1104
11051
11054
11055
11056
11057
11058
11064
11066
11067
11068
11071
11081
11083
11084
11085
11086
11089
11094
1109
11100
11102
11104
11107
11108
1110
11110
11113
11114
11115
11116
11117
11121
11124
11125
1112
11131
11134
11135
11137
11138
11139
11140
11142
11143
11144
11145
11149
11150
11153
11154
11155
11159
1115
11163
11164
11167
11168
11169
11170
11171
11175
11176
11177
1117
11180
11183
11184
11186
11189
11190
11192
11195
11199
111
11201
11208
11215
11216
11220
11221
11225
11227
11230
11233
11234
11235
11238
11239
1123
11240
11241
11246
1124
11251
11252
11257
11259
1125
11260
11261
11262
11264
11266
11267
1126
11271
11272
11274
11277
11279
11282
11283
11284
11286
11287
11288
11293
11299
112
11300
11301
11303
11304
11305
11308
11309
11314
11317
11321
11322
11324
11325
11326
11328
1132
11331
11333
11334
11335
11337
11339
1133
11340
11343
1134
11350
11355
11356
11359
11360
11361
11362
11363
11364
11365
11366
11371
11374
11375
11376
11377
11379
1137
11380
11384
11386
11387
11390
11395
11397
1139
11403
11404
11408
1140
11410
11414
11415
11418
1141
11420
11421
11422
11425
11426
11427
11433
11434
11440
11441
11444
11447
11451
11454
11455
11458
11459
11461
11462
11463
11465
11466
11467
11468
11470
11471
11472
11473
11476
11477
11478
1147
11481
11484
11486
11488
1148
11490
11492
11495
11496
11501
11502
11505
11507
11508
1150
11511
11514
11515
1151
11524
11527
11529
1152
11531
11534
11536
11537
11538
1153
11540
11541
11544
11547
11549
1154
11552
11554
11558
11565
11568
11572
11573
11575
11576
11581
11582
11589
11590
11592
11593
11595
11596
11597
1159
11604
11605
11606
11607
11608
11609
1160
11612
11613
11614
11615
11618
11619
11625
11626
11628
11629
1162
11631
11632
11633
11634
11635
11636
11637
1163
11640
11641
11645
11646
11648
11649
1164
11652
11653
11656
11658
11659
11660
11663
11667
1166
11670
11671
11672
11675
11677
11678
1167
11681
11686
11689
1168
11690
11691
11692
11694
11699
11702
11703
11704
11705
11706
11708
1170
11711
11713
11717
11718
11719
1171
11720
11721
11724
11726
11727
11728
1172
11730
11733
11734
11735
11736
11737
11739
1173
11740
11741
11742
11745
11747
11749
11752
11754
11760
11763
11764
11765
11766
11767
11768
11769
1176
11773
11776
11778
11780
11783
11784
11785
11786
11788
11792
11793
11796
11797
1179
117
11800
11804
11808
11810
11812
11813
11815
11818
11820
11824
11825
11828
1182
11833
11835
11836
11838
1183
11840
11841
11843
11845
11846
11847
11851
11852
11853
11856
1185
11860
11861
11863
11864
11865
11867
1186
11870
11872
11873
11874
11875
11876
11878
1187
11880
11881
11887
11888
11890
11892
11897
11899
1189
11900
11905
11907
11908
11912
11916
11918
1191
11920
11925
11934
11939
1193
11941
11943
11947
11951
11952
11954
11956
11958
11960
11961
11962
11963
11965
11966
11968
1196
11973
11974
11976
11982
11984
11988
1198
11990
11991
11993
11995
11997
119
11
12000
12001
12002
12004
12008
12011
12013
12017
12019
1201
12022
12026
12027
12030
12031
12033
12034
12035
12037
12038
12039
1203
12042
12043
12044
12045
12051
12052
12053
1205
12062
12063
12065
12066
12067
12068
12070
12072
12073
12075
12076
12077
12078
1207
12080
12082
12085
12086
12088
12090
12093
12099
1209
12100
12101
12102
12105
12106
12108
12109
1210
12110
12111
12112
12113
12114
12117
12119
1211
12120
12121
12122
12123
12124
12127
12129
12131
12132
12135
12138
12139
1213
12141
12142
12144
12145
12146
12148
1214
12152
12153
12154
12157
12159
12162
12164
12166
12167
12168
12169
12171
12173
12174
12175
12176
12177
12179
12182
12189
12191
12198
121
12200
12201
12205
12206
12208
12209
1220
12212
12215
12218
12219
12220
12221
12225
12230
12233
12236
12237
1223
12244
12249
12250
12252
12254
12255
12256
12259
1225
12260
12261
12263
12268
12274
12275
12278
12279
12281
12282
12283
12284
12288
12289
1228
12291
12292
12293
12294
12295
12296
1229
122
12300
12302
12304
12306
12310
12312
12313
12314
12318
1231
12322
12323
12324
12325
12326
12327
12328
12331
12334
12336
12339
12342
12344
12346
12347
12348
12349
1234
12353
12354
12355
12356
12358
1235
12360
12361
12362
12364
12365
12366
12367
12368
1236
12371
12373
12374
12375
12376
12378
12379
12380
12382
12388
1238
12392
12395
12396
1239
123
12402
12403
12404
12405
12406
12407
12409
12414
1241
12420
12421
12423
12424
12427
12431
12433
12434
12436
12438
1243
12440
12442
12444
12445
12447
12448
12449
12451
12452
12455
12457
12458
1245
12460
12461
12467
12469
1246
12470
12471
12478
12480
12481
12482
12484
12486
12487
12488
12489
12491
12492
12493
12494
12495
12496
12498
1249
12501
12502
12503
12504
12505
12507
1250
12511
12514
12516
12521
12522
12526
12528
12529
12530
12533
12534
12536
12538
12539
12541
12542
12545
12547
12548
12556
12557
12560
12561
12564
12566
12567
12570
12571
12572
12573
12577
12579
1257
12582
12589
1258
12590
12594
12596
12598
1259
125
12601
12602
12604
12607
12609
1260
12611
12614
12615
12618
1261
12620
12623
12624
12625
12627
12628
12630
12633
12634
12635
12636
12640
12643
12644
12645
12648
12650
12651
12653
12654
12655
12659
12661
12665
1266
12670
12671
12672
12674
12676
12679
12681
12683
12684
12686
12687
12690
12692
12693
12694
12695
12696
12697
12698
12699
126
12703
12706
12708
1270
12712
12713
12714
12717
12718
12719
12720
12721
12725
12727
12731
12732
12735
12736
12737
12738
12739
1273
12740
12741
12743
12744
12746
12748
12751
12754
1275
12762
12766
12767
12770
12771
12773
12774
12775
12776
12777
12778
12779
12783
12786
12790
12791
12792
12793
12795
12796
12797
12799
12803
12808
12809
1280
12810
12813
12815
12817
12825
12826
12828
12829
12830
12834
12835
12837
12839
12840
12842
12843
12845
12848
12849
1284
12851
12853
12854
12858
12859
12863
12864
12865
12866
12867
12868
1286
12874
12875
1287
12881
12883
12884
12886
12887
12888
1288
12892
12893
12894
12895
12896
12897
12898
128
12900
12903
12904
12906
12907
12908
12909
1290
12918
12921
12923
12924
12925
12928
1292
12931
12933
12934
12936
12937
12938
1293
12943
12944
12945
12953
12956
12959
12960
12961
12962
12963
12964
12965
12968
12969
12970
12971
12972
12973
12976
12979
12980
12981
12982
12983
12984
1298
12990
12994
12997
12998
12999
13000
13003
13005
13009
1300
13011
13012
13017
13019
1301
13020
13021
13023
13025
13028
1302
13033
13035
1303
13041
13042
13046
13049
13051
13053
13054
13055
13057
13059
13062
13063
13064
13067
13069
1306
13070
13074
13078
13079
13083
13084
13085
13086
13087
13088
13089
1308
13093
13094
13095
13096
13098
1309
13100
13102
13104
13106
13108
13109
13116
13118
1311
13120
13122
13124
13127
13128
1312
13130
13131
13132
13135
13137
13139
1313
13142
13145
13146
13147
13149
1314
13152
13153
13154
13155
13156
13157
13158
1315
13160
13162
13163
13167
13168
13169
1316
13171
13172
13173
13177
1317
13181
13186
13188
1318
13191
13193
13196
131
13202
13203
13206
13207
1320
13211
13212
13213
13214
13217
1321
13220
13223
13224
13226
13229
13230
13233
13235
13236
13237
13238
13240
13242
13243
13245
13246
1324
13252
13253
13258
13261
13263
13266
13268
1326
13270
13273
13274
13276
13278
13280
13285
13289
1328
13293
13295
13297
1329
13300
13304
13306
13307
13309
1330
13310
13313
13315
13317
13319
1331
13325
1332
13331
13334
13335
13336
13337
13338
13340
13343
13346
13348
13349
13352
13355
13356
13357
13358
13359
13360
13361
13363
13364
13366
13368
13369
13371
13372
13373
13376
13377
13379
1337
13380
13383
13388
1338
13390
13391
13395
13396
133
13402
13403
13404
1340
13411
13413
13415
1341
13420
13421
13422
13423
13424
13425
13426
13427
13430
13432
13433
13435
13438
1343
13442
13443
13444
13445
13447
13448
13450
13451
13452
13453
13454
13456
13457
13458
1345
13460
13464
13465
13466
13468
1346
13470
13471
13473
13474
13475
13476
13477
13479
1347
13482
13483
13484
13485
13489
13490
13492
13495
13496
13497
13498
1349
134
13500
13501
13503
13504
13507
13509
13511
1351
13521
13522
13524
13525
13527
1352
13535
13536
13538
13539
1353
13540
13545
13546
13551
13552
13553
13554
13555
13556
13563
13565
13566
13567
13568
13570
13572
13573
13574
13575
13577
13578
13582
13583
13585
13586
13588
13589
1358
13593
13594
13595
13598
1359
13600
13602
13603
13604
13605
13606
13610
13613
13614
13616
13619
13620
13621
13622
13625
13626
13629
13631
13632
13634
13639
13640
13646
13647
13649
1364
13650
13651
13652
13653
13654
13658
13660
13662
13664
13665
1366
13670
13672
13673
13674
13675
13676
13678
13679
13680
13683
13685
13686
13688
13689
13690
13692
13696
13697
13699
136
13700
13706
13711
13712
13713
13714
13717
13718
1371
13723
13724
13725
13726
13727
13728
1372
13730
13733
13734
13735
13736
13738
13739
13741
13746
13749
13750
13752
13753
13758
13760
13767
13768
13769
1376
13770
13773
13776
13778
13779
1377
13781
13784
13785
13787
13790
13791
13794
13800
13801
13803
13805
13809
13810
13811
13812
13814
13815
13819
13825
13827
13829
1382
13836
13837
13838
13844
13845
13846
13847
13849
1384
13850
13852
13854
13855
13859
13861
13865
13866
13869
1386
13870
13873
13874
13875
13877
13880
13881
13883
13884
13885
13886
13887
1388
13890
13891
13892
13893
13896
13898
13903
13906
13908
13909
13910
13912
13915
1391
13920
13921
13923
13924
13926
13927
1392
13930
13932
13933
13936
13937
13939
13940
13944
13946
13947
13948
1394
13950
13951
13955
13959
1395
13960
13961
13962
13965
13968
13976
13977
13980
13981
13983
13984
13985
13989
1398
13992
13993
13994
13995
13997
1399
13
14000
14002
1400
14013
14014
14017
1401
14022
14029
1402
14030
14031
14033
14034
14036
14037
14038
14039
1403
14041
14047
14048
1404
14051
14053
14056
14057
14058
14059
1405
14060
14061
14062
14063
14065
14066
14067
14068
1406
14070
14071
14072
14079
14082
14083
14084
14087
14088
14089
1408
14090
14091
14092
14095
14098
14099
14101
14102
14105
14106
14107
14108
14109
14111
14114
14115
14117
14119
14122
14125
14126
14128
14134
14137
1413
14142
14143
14144
14145
14147
14148
14149
14151
14154
14155
14156
14157
1415
14163
14165
14167
14168
1416
14170
14171
14172
14174
14175
14176
14177
14178
1417
14180
14183
14186
14188
1418
14192
14193
14194
14195
14198
1419
14205
14207
14209
14210
14211
14212
14217
14218
14222
14223
1422
14231
14233
14234
14236
14238
14241
14242
14244
14247
14249
14250
14251
14252
14253
14254
14255
14256
14257
14259
14260
14261
14263
14264
14266
14267
14270
14272
14273
14275
14277
1427
14280
14282
14283
14289
14294
14296
14297
14298
142
14300
14302
14303
14304
14307
14308
14309
14310
14315
14316
14318
14320
14322
14324
14326
14327
14330
14332
14335
14338
14339
14341
14348
14349
14350
14351
14352
14353
14354
14355
14357
14359
1435
14360
14362
14372
14373
14374
14375
14377
14379
14380
14384
14385
14386
14390
14391
14392
14395
14396
14397
14398
143
14403
14405
1440
14410
14412
14413
14416
14419
14423
14425
14426
14427
1442
14430
14431
14435
14438
1443
14441
14444
14446
14447
14448
14449
14450
14451
14453
14454
14458
1445
14460
14461
14463
14464
14466
14467
1446
14470
14471
14474
14476
14477
14478
14479
14481
14482
14483
14484
14485
14488
14489
14491
14493
14494
14495
14496
14497
14498
14499
14501
14503
14506
14507
14508
14509
14510
14512
14514
14517
14520
14528
14530
14532
14533
14534
14536
14537
14538
1453
14540
14543
14546
14550
14551
14552
14553
14557
14558
14560
14561
14562
14564
14566
14567
1456
14570
14574
14575
14577
14578
14579
1457
14581
14583
14591
14592
14595
14597
1459
145
14601
14606
14607
14615
14616
14617
14618
14619
1461
14620
14621
14623
14624
14627
14629
1462
14630
14632
14634
14635
14637
14638
14639
1463
14642
14644
14645
14646
14647
14648
14652
14653
14659
14661
14662
14663
14667
1466
14671
14672
14673
14674
14676
14677
14678
14681
14682
14683
14685
14688
14689
14691
14693
14694
14696
14699
1469
146
14700
14701
14702
14703
14705
14706
14707
14709
14711
14712
14713
14714
14717
14718
14719
1471
14720
14721
14725
14727
14728
14729
1472
14731
14732
14735
14737
14738
1473
14741
14744
14745
14746
14750
14752
14753
14754
14757
14758
14759
14761
14763
14764
14765
14766
14768
1476
14770
14771
14772
14775
14776
14779
1477
14780
14785
14788
14789
14791
14792
14801
14802
14803
14804
14811
14812
14813
14814
14815
14816
14818
14819
14820
14823
14824
14827
14829
14832
14834
14836
14837
14839
1483
14844
14846
1484
14850
14852
14853
14854
14855
14858
1485
14860
14861
14864
14868
14869
14870
14871
14872
14873
14874
14875
14879
14881
14882
14885
14886
14888
14890
14891
14892
14893
14896
14897
14898
1489
14907
14908
1490
14911
14913
14915
14918
14919
14922
14925
14927
14929
1492
14932
14934
14935
14936
14938
14939
1493
14941
14945
14948
14953
14954
14955
14956
14957
14958
14959
14967
14969
1496
14970
14971
14972
1497
14980
14982
14984
14985
14986
14987
14988
14994
14997
14
15000
15001
15002
15003
15006
15008
15009
15014
15015
15016
15018
1501
15021
15023
15024
15025
15026
1502
15030
15031
15032
15034
15037
15040
15041
15049
1504
15050
15051
15053
15054
15056
15065
15066
15069
15070
15071
15072
15073
15074
15076
15077
15078
15086
15087
1508
15091
15095
15096
15097
15098
15099
15100
15104
15107
15109
1510
15115
15116
15118
1511
15120
15121
15123
15125
15129
15131
15132
15133
15137
15138
15139
15141
15144
15145
15149
1514
15150
15151
15153
15154
15155
15158
15159
1515
15162
15163
15164
15167
15168
1516
15170
15172
15174
15177
1517
15180
15181
15184
15190
15192
15193
15196
15197
15199
151
15206
15207
15208
15209
1520
15210
15211
15212
15213
15214
15215
15216
15217
15220
15224
15225
15227
15229
1522
15230
15233
15234
15237
15238
15239
15242
15246
15248
15249
1524
15252
15253
15254
15255
15258
15259
15261
15262
15265
15266
15267
15269
15272
15275
15276
15278
15280
15281
15282
15286
15290
15292
15293
15297
15298
1529
15301
15303
15305
15308
1530
15310
15313
15320
15325
15326
15327
15328
15329
15332
15333
15334
15336
15340
15341
15343
15345
15346
15348
1534
15352
15353
15354
15357
15358
15359
15364
15365
15366
15367
15368
15369
15370
15373
15374
15375
15379
15381
15382
15387
15388
15390
15392
15394
15396
15397
15398
15403
15405
15406
15409
1540
15411
15412
15413
15415
15416
15417
15418
1541
15420
15421
15424
15427
15428
1542
15431
15436
15437
15439
1543
15440
15441
15445
15446
15448
15449
1544
15454
15455
15460
15463
15464
15466
1546
15471
15475
15482
15483
15484
15488
1548
15491
15493
15496
15498
15499
1549
154
15501
15502
15506
15510
15512
15513
15514
15517
15519
1551
15521
15523
15525
15526
15531
15532
15534
15537
1553
15541
15543
15544
15549
15550
15553
15554
15555
15556
15558
15559
15560
15561
15562
15564
15565
15566
15567
15569
1556
15570
15573
15574
15578
15579
1557
15586
15588
15589
15599
1559
155
15600
15601
15602
15604
15606
15607
15609
1560
15611
15612
15613
15614
15615
1561
15622
15624
15625
15628
15630
15632
15638
1563
15648
1564
15650
15651
15652
15656
15657
15659
1565
15660
15662
15663
15664
15666
15667
1566
15675
15677
15678
15684
15685
15688
15689
15695
15699
1569
15702
15703
15704
15705
15706
15709
15711
15712
1571
15722
15723
15726
15729
1572
15730
15732
15733
15734
15737
15738
15739
1573
15749
15751
15752
15755
15756
1575
15763
15765
15767
15771
15772
15773
15774
15775
15777
15779
15781
15783
15787
1578
15791
15794
15795
15796
15798
15800
15801
15803
15804
15806
15813
15814
15823
15824
15825
15826
15827
15829
1582
15831
15838
15839
1583
15842
15846
1584
15851
15857
15859
15860
15867
15869
15870
15871
15876
15877
15879
1587
15880
15881
15882
15883
15885
15886
15888
15889
15892
15893
15896
1589
15900
15901
15902
15904
15905
15906
15908
15910
15915
15917
15918
15920
15922
15923
15926
15927
15929
1592
15931
15936
15937
15938
15939
15940
15942
15943
15945
15946
15947
15949
1594
15951
15952
15953
15955
15956
15961
15963
1596
15970
15971
15972
15974
15976
15977
15981
15983
15985
15986
15987
1598
15990
15993
15996
15999
15
16001
16002
16005
16006
16009
1600
16013
16014
16018
16020
16021
16022
16024
16025
16026
16029
1602
16030
16031
16033
16034
16036
16037
16038
16042
16043
16044
16045
16046
16048
16049
1604
16050
16051
16052
16054
16058
16060
16063
16064
16066
16069
16070
16073
16074
16078
1607
16080
16082
16084
1608
16091
16094
16097
1609
16101
16103
1610
16111
16112
16114
16115
16118
16121
16123
16125
1612
16130
16132
16133
16137
16138
1613
16142
16143
16144
16146
16147
16148
1614
16150
16153
16155
16157
16158
1615
16160
16162
16165
16166
16167
16170
16171
16172
16173
16174
16175
16176
16177
16181
16182
16185
16186
1618
16190
16192
16195
16196
16198
16201
16202
16203
16204
16208
16209
1620
16210
16212
16214
16215
16216
16219
1621
16220
16221
16222
16223
16224
16225
16226
16227
16229
16235
16236
16237
16239
1623
16243
16246
16247
16248
1624
16250
16251
16252
16254
16255
16258
16260
16261
16262
16266
16267
16268
16269
16272
16276
16278
1627
16280
16283
16284
16285
16286
16289
1628
16291
16294
16297
16299
16300
16301
16305
16306
16308
16309
16310
16311
16313
16316
16317
16319
16321
16323
16325
16326
16329
1632
16330
16333
16335
16336
16338
1633
16341
16342
16347
16348
16349
1634
16350
16351
16355
16357
16360
16362
16364
16365
16366
1636
16371
16372
16373
16374
16375
16376
16378
1637
16381
16384
16385
16387
16388
16389
1638
16393
16394
16396
16398
16400
16405
16406
16409
16410
16411
16412
16413
16416
16417
16418
16419
1641
16420
16422
16423
16424
16425
16426
16427
16429
1642
16430
16431
16432
16433
16435
16438
16439
16440
16446
16450
16452
16455
16456
1645
16462
16464
16468
16469
16472
16473
16474
16476
16479
16481
16482
16486
16488
16489
16492
16494
16495
16496
16498
16499
1649
16500
16501
16502
16503
16505
16506
1650
16512
16519
1651
16523
16524
16525
16528
16530
16533
16537
16539
16540
16541
16543
16546
16547
16548
1654
16550
16551
16556
16557
16558
16560
16562
16564
16566
16568
16571
16572
16573
16574
16575
16576
16577
16578
1657
16580
16581
16582
16590
16595
1659
16600
16602
16607
16608
16609
16612
16613
16615
16617
16618
1661
16623
16625
16626
16627
16629
1662
16633
16634
16635
16637
16642
16645
16646
16647
16648
16649
16650
16652
16653
16654
16655
16656
16658
16659
1665
16660
16663
16664
16665
16666
16667
16668
1666
16670
16674
16676
16678
16679
1667
16680
16681
16682
16683
16684
16685
16688
1668
16690
16693
16694
16695
16698
1669
16700
16701
16703
16706
16707
16708
1670
16710
16713
16715
16717
16719
1671
16723
16724
16725
16726
16728
1672
16730
16732
16736
16738
16739
1673
16740
16741
16742
16745
16747
16749
1674
16753
16755
16756
16757
16760
16763
16764
16766
16770
16771
16772
16775
16776
16777
16778
16779
16780
16782
16786
16788
16790
16791
16795
16796
16797
1679
16802
16803
16804
16805
16806
16807
16810
16811
16812
16813
16815
16817
16818
1681
16821
16823
16826
16828
16829
1682
16832
16834
16835
16836
16838
16839
1683
16842
16843
16845
16846
16848
16850
16851
16854
16855
16862
16863
16866
16867
16869
1686
16870
16871
16873
16874
16877
16880
16881
16882
16883
16884
1688
16890
16891
16892
16893
16894
16895
16896
16897
1689
168
16900
16901
16904
16905
16906
16908
16909
16912
16913
16917
16918
16919
1691
16922
16923
16924
16925
16930
16932
16933
16934
16935
16937
16939
1693
16942
16944
16946
16947
16948
1694
16950
16956
16957
16958
16959
1695
16961
16962
16966
16969
16970
16971
16973
16974
16975
1697
16980
16981
16984
16985
16986
16989
16992
16997
1699
169
16
17000
17002
17005
17008
17009
17012
17014
17018
17020
17027
17029
1702
17034
17035
17036
17039
1703
17040
17043
17044
17045
17046
17047
17050
17056
17057
1705
17060
17061
17062
17064
17065
17066
17068
17072
17073
17075
17077
17078
1707
17080
17082
17084
17085
17088
17089
1708
17091
17093
17094
17095
17097
17098
17102
17104
17106
17107
17108
17109
17111
17112
17114
17117
1711
17121
17125
17129
17134
17136
17138
17139
1713
17141
17142
17143
17145
17149
17151
17157
1715
17160
17162
17163
17165
17167
17169
1716
17172
17173
17177
17179
1717
17183
17185
17188
17189
1718
17190
17191
17194
17200
17201
17203
17204
17205
17208
17211
17214
17219
17220
17221
17222
17223
17226
17227
17228
17229
1722
17230
17231
17233
17234
17235
17236
17237
17239
1723
17240
17242
17244
17246
1724
17250
17252
17258
17260
17262
17265
17266
17268
17269
1726
17270
17272
17274
17276
17277
17278
1727
17280
17281
17282
17286
17287
17289
1728
17291
17292
17294
17297
17301
17303
17305
17306
17307
17308
17311
17314
17316
17319
1731
17320
17321
17323
17324
17326
17327
17328
17332
17334
17337
17341
17342
17345
17347
17348
17351
17352
17353
17354
17356
17359
1735
17361
17363
17364
17365
17368
17369
1736
17371
17372
17376
17377
17378
17379
1737
17380
17387
17390
17391
17392
17394
17396
17398
17399
173
17400
17403
17409
1740
17413
17414
17419
1741
17421
17425
17428
1742
17432
17434
17436
17439
1743
17441
17442
17444
17445
17446
17447
17449
1744
17450
17451
17454
17455
1745
17462
17463
17465
17469
17471
17472
17474
17475
17476
17478
17480
17481
17485
17487
17488
1748
17492
17493
17495
17497
174
17500
17502
17503
17507
1750
17511
17514
17517
17518
17520
17522
17523
17524
17525
17526
17529
1752
17530
17531
17537
17538
17539
1753
17542
17543
17547
17552
17558
17559
1755
17560
17562
17563
17565
17566
17567
17569
1756
17570
17574
17575
17577
17579
17583
17584
17586
17589
1758
17591
17593
17595
17596
17599
1759
175
17600
17603
17605
17606
17607
17608
17609
17610
17611
17612
17613
17616
17618
1761
17621
17622
17624
17625
17627
17629
1762
17632
17633
17635
17641
17642
17644
17645
17648
17649
1764
17651
17653
17656
17657
17658
1765
17660
17662
17665
17671
17674
17676
17679
17682
17683
17684
17685
17688
17689
1768
17690
17693
17696
17698
176
17701
17702
17703
17704
17705
17706
17708
17709
1770
17710
17712
17715
17718
17719
17726
17728
1772
17731
17733
17734
17737
17739
1773
17740
17741
17742
17746
17748
1774
17751
17752
17755
17756
1775
17760
17762
17764
17765
17770
17771
17775
17776
17779
1777
17783
17784
17787
17792
17795
17796
17798
17800
17801
17803
17804
17806
17808
17809
17810
17811
17812
17816
17817
17821
17825
17830
17832
17833
17835
17837
17838
1783
17840
17841
17842
17843
17846
17848
17849
1784
17851
17853
17854
17855
17856
17858
17859
17864
17867
1786
17870
17871
17873
17874
17877
17878
17879
1787
17881
17885
17887
17889
17890
17891
17892
17895
17896
17897
1789
178
17900
17904
17905
17906
17908
1790
17910
17913
17914
17915
17917
17923
17926
17927
17930
1793
17942
17943
17946
17947
17949
1794
17950
17951
17953
17957
17959
17960
17961
17962
17963
17968
17969
1796
17970
17972
17973
17976
1797
17980
17981
17982
17986
17987
17988
1798
17990
17991
17992
17993
17999
1799
179
17
18001
18006
18008
18009
18014
18015
18016
18017
18018
18019
1801
18020
18021
18022
18023
18024
18025
18026
18028
1802
18031
18036
18038
18039
18042
18045
18047
18048
1804
18050
18052
18054
18055
18056
18059
18060
18061
18062
18063
18065
18067
18068
18069
1806
18071
18072
18075
18076
18077
18078
1807
18080
18081
18085
18086
18088
18091
18094
18095
18098
18100
18102
18103
18105
18108
18109
18110
18111
18112
18115
18118
18121
18122
18123
18124
18125
18126
18128
1812
18130
18134
18137
18142
18143
18146
18147
18150
18153
18157
18158
18159
18165
18166
18167
1816
18171
18172
18173
18174
18175
18178
18182
18183
18184
18185
18187
18190
18191
18197
181
18200
18201
18207
18209
18212
18213
18215
18216
18217
1821
18221
18223
18225
18227
18230
18234
18235
18240
18241
18244
18245
18248
18249
1824
18250
18251
18253
18257
18259
18260
18262
18264
18265
18268
18270
18274
1827
18282
18283
18284
1828
18293
18294
18297
18299
18304
18308
18309
1830
18312
18314
18315
18316
18318
18319
18320
18323
18326
18328
18329
1832
18334
18335
18336
1833
18340
18342
18345
18346
18348
18349
1834
18352
18354
18356
18359
1835
18361
18362
18364
18367
18373
18375
18376
18377
18379
18385
18386
18388
1838
18390
18392
18394
18395
183
18400
18403
18404
18405
18406
18407
18408
18409
1840
18410
18411
18413
18414
18415
18419
1841
18420
18421
18422
18424
18426
18427
18429
1842
18430
18433
18434
18441
18443
18445
18447
18448
18449
18452
18453
18456
18458
18468
1846
18470
18471
18473
18474
18475
18476
18478
18479
18480
18484
18487
18489
1848
18490
18491
18492
18493
18496
184
18501
18506
18507
18508
18509
18510
18511
18514
18516
18518
18519
18522
18524
18526
18527
18530
18535
18538
18541
18543
18549
18553
18556
18558
18560
18562
18564
18565
18567
18569
1856
18570
18572
18573
18574
18576
18577
18579
1857
18580
18585
18586
18589
1858
18591
18592
18594
18595
18597
18598
18599
1859
185
18600
18603
18606
18609
18615
18616
18617
18619
18624
18626
18627
18628
1862
18630
18631
18633
18634
18636
18637
18638
18641
18645
18648
18651
18652
18655
18656
18659
1865
18661
18662
18663
18665
18666
18669
1866
18672
18673
18676
18678
1867
18680
18681
18683
18684
18685
18689
1868
18690
18691
18694
18698
18699
1869
18704
1870
18712
18715
18716
18722
18724
18727
18732
18736
18737
1873
18743
18744
18745
18746
18749
1874
18751
18755
18757
18759
18760
18761
18762
18765
18766
18768
18769
18770
18772
18776
18777
18779
1877
18782
18783
18785
18789
1878
18790
18792
18796
18798
18799
1879
18800
18803
18804
18805
18806
18807
18808
18809
18811
18813
18814
18818
18821
18822
18823
18825
18826
18827
18828
1882
18834
18839
1883
18841
18849
18850
18852
18853
18854
18855
18856
18858
18859
1885
18864
18867
18868
18875
18876
18877
18878
18879
1887
18880
18881
18882
18885
18887
18889
1888
18893
18894
18895
18898
1889
18901
18906
1890
18910
18911
18912
18914
18916
18917
18918
18919
18920
18921
18923
18927
18929
1892
18930
18931
18932
18938
18939
18940
18941
18948
18949
18951
18952
18957
18958
18959
1895
18960
18962
18964
18965
18971
18973
18974
18975
1897
18985
18986
18989
18994
18995
18998
1899
18
19000
19003
19004
19007
19009
19012
19014
19016
19017
19020
19026
19029
19033
19035
19037
19038
19040
19041
19042
19043
19044
19045
19048
19049
1904
19050
19051
19052
19054
19055
19057
19058
19059
19060
19062
19064
19066
1906
19070
19072
19074
19075
19078
19079
1907
19080
19082
19083
19084
19087
19090
19091
19092
19095
19097
19098
1909
19100
19101
19102
19103
19106
19108
19109
1910
19110
19111
19112
19113
19114
19115
19116
19118
19119
19121
19122
19129
19130
1913
19141
19142
19143
19146
19147
19148
19149
1914
19150
19151
19160
19162
19165
19166
19167
19168
1916
19172
19173
19176
19177
19178
19179
1917
19182
19183
19185
19186
19187
19188
1918
19190
19192
19196
19198
19199
19200
19201
19203
19206
1920
19210
19213
19214
19215
19218
19219
19220
19221
19225
19226
19227
19229
19230
19231
19233
19238
1923
19246
19248
19249
19250
19251
19254
1925
19260
19266
19267
19268
19269
19274
19276
19277
19279
19282
19283
19284
19285
19293
19294
19295
19298
1929
19302
19304
19306
19307
1930
19310
19312
19315
19316
1931
19320
19321
19324
19325
19327
19328
19329
19331
19332
19334
19335
19336
19339
19341
19343
19344
19347
1934
19351
19352
19357
19359
19360
19361
19362
19363
19365
19367
19372
19373
19374
19375
19376
19380
19383
19384
19385
19386
1938
19390
19394
19396
19397
193
19400
19401
19402
19407
19408
1940
19410
19411
19413
19415
19416
19417
19419
19421
19423
19424
19429
19437
19438
19439
19440
19441
19442
19447
19449
19452
19453
19456
19457
1945
19462
19463
19464
19465
19466
19467
19468
19469
19471
19472
19473
19474
19476
1947
19481
19483
19484
19487
19489
19490
19491
19494
19496
19499
19501
19503
19504
19506
19509
19512
19513
19514
19517
19518
19521
19524
19526
19527
1952
19531
19533
19534
19537
19538
19542
19543
19544
19545
19547
1954
19551
19552
19554
19559
1955
19562
19564
19566
19567
19569
19571
19572
19575
19578
19579
19581
19582
19586
19587
1958
19590
19592
19593
19594
19598
1959
195
19600
19603
19606
19607
19608
19609
19610
19618
19625
19626
19627
1962
19631
19633
19634
19637
19638
19639
19642
19643
19645
19648
19649
19650
19652
19656
19659
19660
19664
19665
19666
19669
1966
19672
19674
19676
19678
1967
19683
19684
19689
1968
19690
19694
19698
19701
19705
19709
19714
19715
19716
19718
19719
1971
19722
19725
19730
19731
19732
19734
19737
19741
19743
19747
19749
19750
19753
19756
19757
19758
1975
19761
19765
19768
19769
1976
19771
19772
19773
19774
19775
19776
19778
19781
19782
19783
19785
19786
19787
1978
19790
19793
19796
19801
19804
19809
19811
19812
19813
19816
19817
19818
19819
1981
19826
19828
19829
1982
19830
19831
19832
19833
19834
19837
19838
19848
19849
1984
19851
19852
19853
19854
19857
19858
1985
19861
19863
19866
19871
19874
19877
19878
19879
19880
19884
19886
19888
19892
19893
19894
19895
19896
19899
198
19900
19901
19904
19907
19911
19912
19913
19917
19918
1991
19921
19922
19923
19924
19928
19930
19936
19937
19938
1993
19941
19942
19946
19947
19948
19950
19954
19956
19958
1995
19960
19962
19963
19965
19969
19972
19975
19978
19979
1997
19981
19982
19983
19986
19988
19990
19991
19993
19994
19995
1999
19
20001
20002
20006
20008
20009
20011
20013
20014
20015
20017
20022
20023
20024
20025
20027
20028
20032
20034
20035
20036
20037
2003
20040
20041
20044
20045
20047
20048
20049
20051
20053
20056
2005
20062
20064
20069
20071
20072
20073
20075
20077
20078
20080
20081
20085
20086
20087
2008
20090
20092
20093
20096
20097
20099
200
20101
20102
20103
20105
20106
20108
2010
20110
20111
20114
20119
20121
20122
20123
20129
20136
20139
2013
20141
20142
20145
20146
20147
20149
20150
20151
20153
20154
20157
20159
20160
20162
20163
20168
20169
2016
20170
20171
20172
20175
2017
20180
20181
20183
20185
20186
20187
20189
2018
20190
20191
20195
201
20201
20202
20203
20205
20206
20207
20208
20209
2020
20210
20211
20212
20215
20218
20219
2021
20222
20223
20224
20227
20228
20229
20230
20234
20238
20239
20240
20241
20242
20243
20244
20245
20247
20249
20258
20259
2025
20263
20264
20265
20266
20268
2026
20270
20274
20277
20279
20283
20284
20288
20289
2028
20290
20292
20293
20297
2029
20305
20306
20307
2030
20311
20313
20314
20316
20317
20318
2031
20321
20324
20327
20329
20331
20333
20336
20337
20338
20339
2033
20340
20344
20345
2034
20351
20356
20358
20360
20361
20362
20363
20364
20365
20366
20369
2036
20370
20375
20376
20378
20379
2037
20388
2038
20390
20393
20395
20399
2039
203
20400
20401
20402
20404
20405
20406
2040
20410
20411
20413
20415
20417
20418
20419
2041
20421
20422
20425
20426
2042
20430
20432
20434
20435
20437
20439
20440
20442
20444
20449
2044
20451
20452
20456
20457
20458
20459
2045
20461
20462
2046
20473
20474
20475
20476
20477
20479
20480
20483
20487
20489
2048
20490
20491
20492
20495
20496
204
20501
20502
20505
20506
20507
20508
2050
20510
20511
20513
20514
20515
20518
20519
20524
2052
20532
20533
20534
20536
20537
20539
2053
20540
20542
20543
2054
20550
20555
20556
20558
20559
20561
20566
20569
2056
20572
20573
20574
20576
20578
20582
20588
20589
2058
20590
20592
20593
20594
20596
20599
2059
20600
20601
20602
20603
20604
20612
20617
20618
20621
20622
20624
20625
20626
20628
20636
20637
20639
2063
20641
20642
20644
20647
20649
20653
20654
20655
20656
2065
20660
20665
20666
2066
20670
20677
20678
20679
2067
20681
20682
20686
20687
20688
20689
2068
20691
20694
20696
20699
206
20700
20701
20702
20703
20704
20706
2070
20711
20712
20714
20718
20720
20723
20725
20726
20728
20729
20733
20734
20738
2073
20741
20743
20745
20748
20749
2074
20750
20755
20757
20759
20760
20765
2076
20770
20771
20772
20775
20777
20780
20786
20787
20788
20791
20792
20795
20799
2079
207
20800
20801
20803
20804
20805
20806
20807
20808
20810
20812
20813
20815
20816
20820
20828
2082
20830
20838
20839
2083
20840
20841
20842
20846
20848
20851
20854
20857
20859
2085
20861
20862
20867
2086
20874
20876
20878
20880
20881
20882
20884
20887
2088
20891
20892
20895
20896
20899
2089
20901
20902
20905
20906
20909
2090
20911
20913
20914
20915
20916
20917
20918
2091
20924
20926
20927
20928
20929
2092
20933
20934
20937
2093
20940
20942
20944
20945
20949
20950
20951
20953
20955
20957
20959
20960
20964
20965
20966
20971
20972
20973
20975
20982
20985
2098
20990
20991
20993
20995
20996
20998
20999
2099
209
21001
21003
21004
21006
21007
21010
21013
21015
21017
2101
21020
21021
21024
21027
21028
2102
21031
21032
21036
21039
21043
21046
21048
2104
21052
21054
21057
21058
2105
21063
21065
21066
21073
21074
21075
21076
21078
2107
21080
21081
21085
21087
21090
21092
21094
21095
21096
21098
21102
21104
21105
21107
21117
21119
21120
21121
21122
21126
21128
21130
21131
21132
21133
21136
21141
21143
21144
2114
21155
21156
21157
21159
21160
21161
21162
21165
21167
21171
21174
21175
21178
2117
21181
21183
21184
21185
21186
21187
21189
21194
21195
21199
211
21200
21201
21202
21207
21209
21211
21214
21216
21217
21218
21221
21222
21224
21225
21227
21228
2122
21230
21232
21233
21234
21239
2123
21240
21241
21242
21249
21250
21251
21253
21254
21258
21259
2125
21260
21261
21263
21266
21267
2126
21271
21274
21275
21276
21278
21280
21281
21282
21284
21285
21286
21289
2128
21290
21291
21295
21296
21298
21299
21301
21302
21304
21305
21308
21310
21318
21320
21321
21324
21329
2132
21330
21331
21332
21335
21336
21340
21341
21345
21346
21349
2134
21350
21352
21353
21356
21357
21361
21362
21363
21364
21367
21369
21373
21374
21375
21376
21378
21379
21382
21387
21388
21389
2138
21391
21392
21394
21397
2139
21402
21403
21404
2140
21413
21414
21418
21421
21423
21425
21428
21429
21432
21433
21435
21436
21439
2143
21443
21444
21447
21448
21449
2144
21453
21454
21455
21457
21458
21459
21461
21462
21465
21466
21469
2146
21470
21474
21478
2147
21483
21484
21487
21489
21491
21492
21493
21497
214
21500
21502
21503
21504
21506
21509
21511
21513
21517
21519
21521
21527
21528
2152
21531
21533
21534
21535
21536
21537
21542
21547
21548
21549
2154
21552
21553
21555
21557
21559
21561
21562
21564
21565
21567
21568
21569
2156
21571
21573
21575
21576
21577
21578
21579
21580
21581
21582
21586
2158
21590
21593
21594
21595
21596
21598
215
21602
21608
21609
2160
21610
21612
21615
21616
21618
21619
2161
21620
21621
21622
21624
2162
21630
21634
21636
21637
21638
2163
21640
21641
21644
21645
21646
21649
2164
21657
21658
21659
2165
21662
21664
21669
2166
21670
21671
21672
21673
21679
2167
21683
21684
21685
21691
21695
21696
21700
21704
21705
21706
21707
21709
2170
21710
21711
21713
21714
21715
21716
21718
21719
21720
21721
21722
21723
21724
21727
21728
21730
21732
21734
21735
21736
21737
21739
2173
21740
21741
21743
21744
21746
2174
21751
21752
21759
21760
21761
21762
21763
21765
21767
21769
2176
21770
21773
21774
21776
21781
21783
21784
21785
21787
2178
21791
21793
21796
21797
21798
2179
21801
21802
21806
2180
21810
21811
21812
21813
21814
21815
21818
2181
21820
21823
21824
21825
21828
21830
21831
21832
21836
21837
21838
2183
21841
21842
21843
21844
21846
21847
21849
21850
21851
21853
21855
21856
21857
2185
21861
21862
21866
21867
21869
2186
21877
21878
21879
21880
21882
21884
21887
21888
21890
21894
21900
21901
21904
21905
21908
2190
21910
21912
21913
21915
21916
21918
2191
21922
21923
21924
21926
21930
21931
21932
21936
21938
21943
21944
21945
21947
21948
21949
21951
21953
21955
21957
21958
21959
2195
21960
21961
21962
21965
21969
2196
21970
21971
21972
21974
21975
21977
21980
21981
21983
21984
21987
21989
2198
21990
21992
21994
21998
219
21
22007
22009
2201
22021
22022
22023
22025
22026
22029
2202
22034
22035
22040
22042
22043
22044
22046
22047
22048
22049
22052
22054
22057
22058
22059
2205
22061
22063
22065
2206
22070
22072
22073
22075
22077
22078
2207
22080
22083
22085
22086
22088
2208
22091
22093
22095
22096
22097
220
22101
22102
22107
2210
22110
22111
22112
22113
22114
22115
2211
22121
22123
22124
22125
22126
22127
22129
22130
22133
22135
22138
22139
22141
22145
22146
22147
2214
22154
22156
22159
2215
22164
22167
22168
22169
22171
22172
22175
22176
22177
22178
22181
22183
22184
22186
22189
2218
22190
22193
22194
22197
22199
2219
22201
22203
22204
22206
22208
22209
2220
22211
22215
22219
22220
22224
22225
22226
22228
22229
2222
22230
22231
22236
22240
22244
22255
22256
22257
22258
22259
22265
22268
22269
22272
22273
22275
22276
22278
22279
2227
22280
22281
22284
22290
22292
22293
22297
22298
222
22301
22302
22303
22304
22305
22306
22307
22308
22309
2230
22311
22312
22314
22320
22321
22322
22324
22325
22326
22327
22328
22329
2232
22330
22331
22332
22334
22335
22336
22337
22338
2233
22341
22342
22343
22344
22348
22350
22356
22358
22359
2235
22362
22363
22364
22366
22369
2236
22371
22373
22375
22377
22378
2237
22392
22394
22397
22400
22402
22403
22404
22406
22407
22408
22409
22411
22412
22413
22414
22417
22418
2241
22422
22424
22425
22427
22428
2242
22431
22435
2243
22440
22441
22443
22449
2244
22452
22454
22455
22457
22459
2245
22460
22461
22464
22466
22468
22469
22473
22475
22476
22479
22480
22481
22483
22485
22486
22489
22491
22495
22497
22500
22501
22504
22507
22509
22510
22511
22512
22513
22515
22517
2251
22522
22523
22525
22527
22529
2252
22530
22531
22532
22534
22535
22541
22543
22544
22549
2254
22553
22557
22560
22561
22565
22568
22569
22570
22571
22572
22573
22579
2257
22581
22586
22588
22589
22590
22591
22592
22593
22594
22596
22599
2259
225
22602
22603
22609
2260
22613
22616
22618
22620
22622
22625
22627
2262
22630
22631
22633
22635
22639
2263
22641
22643
22644
22645
22647
22648
22652
22653
22654
22655
22656
22657
22658
22659
2265
22660
22661
22662
22664
22666
22667
22669
2266
22672
22673
22676
22678
2267
22680
22681
22683
22684
22686
22687
2268
22690
22691
22693
22695
22698
2269
226
22704
22705
22707
2270
22711
22713
22714
22716
22719
22720
22721
22724
22725
22728
22729
2272
22731
22733
22734
2273
22743
22745
22747
22748
22749
22751
22753
22754
22756
22757
22758
22759
22760
22761
22762
22763
22768
2276
22772
22779
2277
22781
22786
22788
2278
22790
22791
22792
22793
22794
22798
22799
22803
22804
22808
22809
22810
22811
22813
22814
22815
22817
22818
22819
2281
22820
22827
22828
22829
2282
22831
22832
22833
22838
22842
22843
22844
22846
22848
2284
22850
22856
22858
22860
22861
22862
22863
22866
22867
22868
22869
22870
22873
22874
22876
22877
22878
22879
2287
22880
22882
22884
22886
22887
22888
22889
2288
22890
22891
22893
22898
22899
2289
228
22903
22905
22906
22907
22908
22909
22911
22912
22915
22916
22918
22919
22924
22925
22927
22928
22929
22932
22934
22935
22937
22938
22940
22942
22947
22949
2294
22951
22952
22953
22955
22956
22957
22959
22960
22963
22964
22967
22968
2296
22971
22972
22974
22977
22979
2297
22981
22982
22983
22984
22986
22989
22993
22997
22998
22999
229
23000
23001
23002
23004
23006
23007
23008
23009
2300
23011
23012
23015
23016
23017
23020
23029
2302
23032
23033
23040
23044
23045
23046
23047
23056
23057
23059
2305
23060
23061
23065
23068
23069
23070
23072
23073
23074
23076
23077
2307
23084
23087
23088
23090
23091
23093
23097
23101
23103
23106
23107
23108
23109
2310
23111
23114
23115
23117
23119
2311
23121
23122
23123
23125
23126
23129
2312
23130
23131
23132
23134
23136
23137
23138
23139
2313
23141
23142
23143
23145
23146
2314
23155
23158
23159
2315
23162
23164
23168
23169
2316
23170
23171
23172
23173
23175
23177
23179
23180
23182
23183
23184
23185
23186
23187
23189
2318
23190
23197
23198
23199
2319
231
23200
23201
23202
23203
23204
23206
23207
2320
23216
23219
2321
23221
23222
23224
23227
23235
23236
23237
23238
23239
23244
23253
23254
23256
23257
2325
23262
23263
23267
23270
23272
23273
23274
23275
23276
23277
23278
23279
23280
23281
23283
23285
23286
23289
2328
23291
23293
23294
23297
23298
23303
23304
23305
23306
23309
2330
23312
23316
23317
2331
23321
23325
23327
23328
23329
2332
23330
23332
23333
23334
23335
23336
23338
23340
23342
23343
23344
23345
23347
23348
23349
23353
23356
23357
23358
23360
23362
23363
23364
23368
23369
23370
23371
23373
23374
23376
23378
23381
23385
23386
23388
2338
23390
23392
23393
23397
23398
2339
23400
23401
23403
23405
23407
2340
23412
23416
23417
2341
23424
23425
23427
23428
23429
2342
23435
23436
23438
2343
23443
23446
23451
23452
23453
23458
23459
23461
23463
23465
23469
2346
23472
23475
23476
23478
23483
23487
2348
23490
23492
23494
23497
23498
234
23501
23505
23506
23508
2350
23510
23513
23516
23517
23518
23519
2351
23520
23525
23530
23533
23536
23538
2353
23549
2354
23553
23554
23556
23557
23562
23567
23568
23569
2356
23573
23574
23575
23578
23580
23582
23583
23585
23587
23588
23589
23592
23594
23596
23597
23599
235
23600
23601
23605
23609
23615
23618
2361
23620
23623
23624
23627
23629
2362
23631
23633
23634
23636
23637
23640
23641
23642
23643
23648
23649
2364
23650
23651
23654
23656
23657
23658
23660
23661
23666
23668
23672
23673
23675
23678
23680
23681
23686
2368
23692
23695
23696
23698
236
23700
23701
23704
23705
23706
23708
23709
23711
23712
23713
23716
23717
23719
2371
23721
23725
23727
23728
23729
23730
23731
23733
23734
23739
2373
23740
23742
23747
23748
23752
23753
23755
23757
23763
23766
23769
2376
23770
23775
23776
2377
23781
23783
23784
23788
23790
23792
23793
23794
23797
2379
23802
23807
23809
23810
23812
23813
23817
23818
23821
23822
23824
23825
23826
23827
2382
23830
23832
23835
23836
23837
2383
23843
23845
23846
23849
2384
23850
23851
23852
23853
23855
23856
23857
23859
2385
23864
23865
23868
2386
23870
23871
23873
23876
23878
23879
2387
23881
23882
23888
23889
23893
23895
23896
2389
23903
23907
23908
23909
23910
23911
23912
23913
23915
23916
23922
23923
23925
23927
23928
23930
23933
23937
23945
23946
23947
2394
23953
23954
23955
23956
23958
23959
2395
23962
23964
23968
23969
23970
23973
23974
23975
23976
23977
23979
23980
23981
23984
23985
23986
23988
23989
2398
23996
23998
2399
239
24000
24001
24003
24004
24005
24006
24007
24009
24013
24014
24017
24018
24020
24021
24023
24026
24031
24032
24033
24034
24035
24036
24038
2403
24040
24043
24048
24049
2404
24050
24051
24055
2405
24060
24063
24064
24071
24073
24074
24076
24077
24079
24081
24082
24083
24085
24086
24087
2408
24091
24093
24096
24098
24099
24100
24102
24103
24105
24110
24111
24112
24118
24119
2411
24122
24125
24126
24129
24130
24131
24132
24133
2413
24140
24141
24143
24145
24146
24150
24153
24155
24157
24158
24160
24162
24168
2416
24174
24177
24178
24180
24185
24187
2418
24192
24193
24194
24196
24197
24198
241
24203
24207
24210
24211
24214
24216
24218
24219
24220
24223
24228
2422
24231
24236
24237
24238
24239
24241
24243
24244
24246
24247
24249
24251
24252
24253
24255
24256
24259
24260
24261
24262
24267
24268
24269
24270
24271
24273
24275
24276
24277
24278
24279
2427
24282
24283
24287
24288
24289
2428
24290
24291
24292
24296
24300
24301
24305
24306
24307
24308
24309
24310
24312
24313
24315
24317
24322
24323
24324
24327
24332
24335
2433
24340
24342
24344
24346
24347
2434
24350
24351
24353
24354
24355
24356
24357
2435
24362
24363
24366
24367
24368
24369
24371
24375
24379
2437
24380
24382
24383
24385
24386
24387
24392
24399
2439
243
24402
24404
24406
24408
24409
24410
24411
24412
24413
24414
24415
24422
24425
24426
24428
24430
24431
24437
24438
24439
2443
24440
24442
24443
24444
24447
2444
24450
24451
24453
24454
24455
24458
2445
24462
24467
24468
24471
24472
24474
24477
24478
2447
24483
24488
24490
24492
24494
24495
24496
24497
2449
244
24501
24503
24506
24508
2450
24516
24518
2451
24520
24521
24523
24524
24527
24528
2452
24531
24535
24536
24538
2453
24543
24546
24547
24548
24550
24559
24560
24561
24565
24567
24568
2456
24573
24575
2457
24584
24585
24586
24589
2458
24593
24595
24598
245
24600
24602
24603
24604
24605
24607
24608
2460
24615
24618
2461
24620
24621
24623
24625
24626
24628
24629
2462
24633
24634
24636
24637
24639
24641
24642
24643
24646
2464
24652
24655
24660
24663
24664
24666
2466
24670
24671
24672
24674
24676
24677
24678
24679
24681
24682
24684
24685
24686
24688
24696
2469
246
24701
24705
24707
24708
24712
24713
24717
24718
24719
2471
24720
24721
24722
24724
24728
24729
2472
24730
24731
24732
24733
2473
24740
24746
24749
24750
24753
24755
24756
24757
24761
24762
24764
2476
24771
24775
24776
24777
2477
24781
24783
24785
24786
24788
24790
24794
24795
24798
24802
24803
24804
24808
24809
24810
24812
24814
24817
24818
24821
24822
24827
24828
24829
2482
24838
24839
24840
24841
24845
24849
24850
24852
24854
24856
24857
2485
24860
24861
24863
24865
24866
24868
24869
2486
24870
24879
2487
24880
24881
24882
24886
24887
24889
24892
24898
24899
2489
24900
24902
24904
24905
24906
24908
24909
24911
24912
24913
24916
24917
24922
24926
24929
2492
24931
24932
24933
24935
24937
24938
2493
24940
24941
24942
24943
24944
24945
24946
24947
24949
24951
24952
24953
24954
24955
24957
24958
2495
24962
24963
24965
24966
24968
24969
24972
24973
24977
24978
24980
24981
24982
24983
24984
24988
24989
2498
24991
24992
24996
24997
24999
25003
25005
25007
25011
25013
25016
25020
25021
25023
25024
25025
25026
25027
25028
25029
2502
25031
25032
25033
25034
25037
25038
2503
25044
25045
25048
25050
25054
25055
25056
25057
25058
25060
25063
25065
25069
25070
25072
25078
25081
25085
25087
25091
25093
25095
25097
25098
25100
25103
25106
25107
25109
25112
25113
25115
25116
25117
25119
2511
25120
25122
25123
25129
25132
25133
25134
25135
25136
25139
25140
25142
25146
2514
25154
25155
25156
2515
25165
25166
25167
25168
25171
25172
25176
25177
25178
25180
25181
25182
2518
25190
25191
25196
25197
25198
25199
2519
251
25200
25201
25202
25203
25205
25207
25208
25210
25211
25213
25214
25215
25216
25217
25218
25219
2521
25221
25223
25225
25226
25228
2522
25231
25232
25234
25235
25236
25239
25243
25244
25245
25247
25249
2524
25255
25256
25257
25258
25265
25270
25271
25273
25274
25276
25280
25281
25284
25285
25287
25288
25289
25290
25291
25296
25300
25302
25305
25308
25309
2530
25310
25312
25318
25319
2531
25323
25325
25330
25331
25333
25334
25337
25338
25339
2533
25340
25341
25343
25344
25345
25346
25347
25351
25353
25358
25359
2535
25360
25362
25363
25364
25365
2536
25370
25371
25372
25375
25376
25377
25379
25381
25384
25385
25388
25389
25390
25392
25393
25394
25395
25396
25397
25398
253
25402
25405
25407
25409
25411
25412
25413
25414
25416
25418
2541
25420
25427
25428
25430
25434
25436
25437
25438
25441
25443
25445
25446
25449
2544
25451
25452
25457
25459
25461
25462
25465
25466
25467
25469
2546
25472
25474
25477
25481
25487
25489
2548
25492
25493
25494
25495
25497
25498
25499
254
25500
25503
25504
25506
25507
25508
2550
25510
25511
25512
25515
25516
25519
25521
25522
25527
25530
25532
25533
25534
25535
25538
2553
25540
25541
25543
25546
25547
25548
25551
25552
25553
25558
2555
25561
25564
25566
25567
25568
25569
25570
25571
25573
25575
25578
25579
25581
25582
25586
25587
25588
25589
2558
25591
25592
25593
25594
25595
25596
25597
25602
25603
25605
25609
25610
25614
25619
25622
25623
25628
25630
25633
25634
25636
25637
25638
2563
25640
25642
25645
25647
25648
2564
25651
25653
25654
25656
25657
25658
2565
25660
25661
25662
25663
25665
25666
25669
2566
25670
25673
25674
25675
25677
25678
25679
25681
25683
25684
25685
25686
25691
25692
25699
2569
256
25705
25707
25709
25714
25718
25719
25723
25726
25727
2572
25732
25733
25734
25735
25738
25740
25743
25746
25747
25748
2574
25751
25752
25753
25754
25758
25759
2575
25760
25762
25765
25768
25769
25770
25771
25772
25774
25775
25776
25778
25781
25782
25784
25786
25787
25789
2578
25790
25792
25793
25795
25796
25798
2579
25802
25804
25805
25806
25807
25809
25813
25814
25815
25816
25819
2581
25820
25825
25827
25830
25831
25833
25835
25838
25840
25842
25843
25844
25845
25846
25847
25849
25853
25854
25857
25858
2585
25862
25863
25864
25865
25867
25871
25872
25873
25876
25878
2587
25880
25881
25882
25883
25884
25886
25889
25890
25894
25896
25898
25899
25900
25901
25902
25903
25905
25907
25909
25912
25917
25918
2591
25921
25924
25926
25927
25928
25929
2592
25933
25940
25941
25944
25945
25950
25954
25955
25956
25958
2595
25960
25961
25967
25969
2596
25970
25971
25972
25974
25976
25978
25981
25982
25983
25985
25986
25987
25988
2598
25991
25992
25993
25994
25995
25996
25997
25998
25999
2599
25
26001
26003
26004
26006
26008
26009
26010
26015
26017
26019
26020
26021
26022
26025
26026
26027
26030
26032
26036
26038
26039
26044
26048
26049
26052
26054
26055
26057
26058
26059
26060
26065
26068
2606
26074
26075
26076
26078
2607
26081
26082
26083
26086
26088
26089
2608
26094
26095
26097
2609
26100
26101
26103
26106
26108
2610
26111
26113
26114
26118
26122
26123
26124
26126
26127
26128
26130
26131
26132
26133
2613
26142
26143
26144
26146
26148
26149
2614
26152
26154
26155
26156
26158
26159
26161
26163
26165
26167
26169
2616
26170
26171
26175
26178
2617
26190
26195
2619
261
26200
26202
26204
26205
26206
26208
26209
2620
26211
26212
26215
26216
26217
26218
26219
26223
26225
26226
26228
2622
26230
26231
26233
26236
26237
26238
26239
2623
26240
26243
26245
26247
26249
26251
26253
26258
26260
26261
26263
26264
26265
26266
26267
26268
26269
26271
26272
26275
26277
26278
26283
26286
26287
26288
26289
26291
26292
26293
26294
26296
26299
262
26300
26301
26303
26304
26313
26315
26317
26318
26319
2631
26321
26322
26324
26325
26328
26330
26334
26335
26336
26338
2633
26342
26345
26346
26347
26351
26353
26355
26356
26359
2635
26360
26361
26365
26367
26368
2636
26371
26372
26377
26378
26379
26380
26381
26383
26386
26387
26388
2638
26390
26393
26394
26395
26397
26398
26400
26402
26404
26405
26406
26407
26409
2640
26412
26413
26421
26423
26424
26425
26426
26429
26430
26432
26434
26435
26436
26437
26439
2643
26440
26442
26443
26444
26445
26450
26452
26455
26457
26458
2645
26461
26463
26465
26470
26472
26473
26476
26478
26479
26481
26483
26485
26486
26487
26489
2648
26492
26493
26495
26497
26500
26501
26505
26506
26507
26508
26509
2650
26513
26516
26519
26522
26523
26524
26525
26526
26532
26535
26537
26539
2653
26540
26541
26544
26545
26546
26547
2654
26550
26551
26552
26554
26557
26558
26559
2655
26560
26561
26563
26564
26565
26570
26571
26572
26576
26578
26581
26584
26585
26587
26591
26592
26593
26596
26597
26598
26603
26604
26607
26609
2660
26612
26614
26619
2661
26620
26622
26624
26625
26627
26628
26630
26631
26632
26634
26637
2663
26644
26646
26647
26648
2664
26651
26653
26654
26655
26657
26658
26659
26662
26664
26667
2666
26671
26673
26677
26680
26681
26682
26683
26684
26686
26688
26692
26695
26698
26702
26705
26708
26710
26713
26714
26716
26718
26719
26720
26723
26726
26727
26728
2672
26732
26734
26736
2673
26741
26743
26749
26750
26751
26752
26753
26755
26757
2675
26761
26762
26763
26764
26765
26767
26772
26774
26776
26778
26779
2677
26781
26782
26783
26784
26785
26786
26788
26790
26792
26795
26796
26798
26799
26801
26805
26806
26807
26811
26814
26818
2681
26824
26826
26827
26829
26830
26832
26833
26837
26838
26840
26841
26843
26845
26846
26848
26849
26851
26854
26858
2685
26860
26861
26863
26866
26867
26870
26871
26873
26874
26875
26876
26877
26880
26881
26883
26884
26889
26891
26895
26896
26900
26901
26903
26905
26908
26919
26921
26922
26923
26924
26927
26929
26930
26932
26934
26935
26937
26938
26944
2694
26950
26951
26952
26954
26958
26961
26963
26964
26966
26968
26969
2696
26973
26974
26975
26976
26979
26982
26983
26984
26986
26990
26993
26994
26997
2699
269
27000
27002
27004
27007
27009
2700
27010
27012
27013
27015
27016
27017
27019
2701
27020
27022
27028
27030
27031
27033
27034
27035
27039
27040
27041
27043
27044
27048
27050
27052
27054
27057
27058
27059
27061
27063
27064
27067
2706
27071
27072
27074
27075
27076
27077
27082
27084
27085
27088
2708
27090
27095
27097
27099
27101
27102
27103
27104
27105
27107
27108
27109
2710
27111
27112
27118
2711
27121
27122
27125
2712
27132
27133
27134
27137
27138
2713
27140
27141
27142
27146
2714
27156
27161
27163
27169
27170
27171
27173
27178
27179
2717
27180
27184
27185
27186
27187
27189
27193
27194
27195
27196
27198
271
27200
27201
27202
27203
27204
27206
27209
27210
27211
27213
27215
27216
27217
27219
2721
27220
27222
27223
27224
27232
27234
27235
27237
27239
2723
27240
27243
27246
27247
27249
2724
27252
27255
27256
2725
27260
27262
27266
27274
27275
27278
27279
27280
27286
27287
27293
2729
27302
27303
27304
27306
27307
27309
27310
27311
27313
27315
27316
2731
27321
27322
27323
27326
2732
27334
27336
27338
27339
27340
27341
27343
27344
27345
27347
27348
27349
27351
27352
27353
27356
27357
27360
27363
27366
27367
27369
27371
27373
27376
27378
2737
27381
27382
27386
27387
27390
27393
27395
27396
27397
273
27401
27402
27403
27406
2740
27411
27412
27415
27420
27428
27429
27433
27434
27435
27441
27443
27445
27447
27448
27449
27451
27452
27455
27456
27458
2745
27460
27463
27464
27466
27468
27471
27473
27474
27476
27477
27479
2747
27480
27481
27482
27484
27485
27486
27487
27488
27489
27490
27493
27495
27498
27499
27501
27502
27509
27510
27511
27519
27520
27521
27522
27524
27527
27528
27531
27532
27533
2753
27543
27544
27547
27549
27550
27553
27558
2755
27560
27561
27562
27563
27565
27566
27568
2756
27573
27577
27579
27580
27581
27582
27584
27585
27587
27589
2758
27591
27594
27596
27597
2759
275
27600
27606
27609
27610
27614
27615
27616
2761
27621
27624
27627
27628
2762
27634
27635
27640
27641
27643
27646
27647
27649
2764
27650
27651
27652
27653
27654
27655
27656
27657
27659
2765
27660
27661
27662
27663
27668
27670
27673
27674
27675
27677
2767
27680
27681
27685
27689
2768
27691
27692
27693
27695
27698
276
27702
27705
27707
27708
27709
2770
27710
27712
27714
27715
27717
27719
2771
27720
27721
27723
27725
27726
27729
27730
27732
27735
27736
27737
27738
27742
27743
27744
27745
27746
27747
27748
27749
2774
27750
27751
27752
27756
27758
27759
27760
27763
27764
27766
27768
27769
27772
27774
27777
27779
27780
27781
27784
27787
27788
27789
27791
27793
27795
27798
27799
2779
27804
27805
27807
2780
27810
27813
27814
27815
27816
27817
27819
2781
27822
27826
27827
27828
2782
27832
27835
27836
27839
27841
27842
27846
27847
2784
27851
27852
27856
27859
2785
27861
27862
27863
27866
27867
27870
27872
27874
27876
27879
27880
27882
27883
27888
27891
27894
27898
27899
2789
278
27907
27908
27909
27910
27911
27912
27916
2791
27920
27923
27927
27932
27933
27934
27936
27939
2793
27941
27945
27946
27948
27950
27951
27953
27955
27957
27958
27961
27962
27965
27966
2796
27973
27974
27975
27976
27977
27978
27979
27981
27982
27983
27984
27989
2798
27991
27994
27996
27997
27999
28000
28002
28005
28007
28008
28015
28016
2801
28021
28023
28024
28026
28027
28028
2802
28030
28035
28038
28043
28046
2804
28050
28052
28053
28055
28058
28059
28060
28061
28063
28065
2806
28072
28073
28074
28075
28076
28079
2807
28080
28081
28082
28087
28091
28092
28094
28095
28097
28099
28101
28106
28110
28111
28112
2811
28121
28122
28123
28129
28130
28131
28133
28135
28136
28137
28139
28141
28142
28144
28146
28148
28149
2814
28152
28155
28157
28158
2815
28162
28163
28164
28166
28168
28169
28177
28178
2817
28182
28183
28184
28187
28190
28191
28194
28195
28196
28197
28198
28199
2819
281
28202
28203
28205
28207
28208
28209
2820
28210
28211
28213
28214
28216
28217
28218
28219
28220
28222
28227
28233
28236
2823
28244
28245
28248
2824
28250
28251
28252
28254
28256
28258
28261
28270
28271
28273
28275
28276
28279
2827
28280
28281
28283
28285
28286
28288
28289
2828
28290
28291
28293
28295
28299
2829
28301
28307
28308
28309
28310
28312
28313
28316
28317
28319
28323
28327
28328
28329
28332
28339
2833
28341
28346
28347
28348
2834
28350
28352
28353
28356
28358
28359
2835
28360
28361
28362
28363
28364
28367
28368
2836
28371
28372
28374
28375
28376
28377
2837
28386
28387
28388
28389
2838
28390
28393
28395
28396
28397
28399
283
28402
28405
28406
28410
28411
28413
28414
28416
28418
2841
28420
28422
28423
28427
28428
28429
2842
28430
28432
28436
2843
28440
28441
28445
28447
28448
28454
28458
28460
28461
28462
28464
28466
28469
28470
28472
28474
28475
28476
28479
28480
28482
28486
28487
28488
28489
28491
28495
28496
28498
28499
2849
28500
28501
28502
28505
28506
28508
2850
28510
28511
28512
28514
28515
28516
28518
28520
28524
28526
28528
28529
2852
28530
28532
28533
28534
28535
2853
28540
28543
28546
28547
28548
28549
28551
28553
28554
28557
28558
28559
28560
28564
28565
28566
28567
28568
28569
2856
28570
28572
28573
28576
28578
28579
2857
28580
28581
28582
28585
28587
28590
28593
28595
28597
28598
28599
2859
28604
28606
28608
2860
28610
28612
28615
28616
28619
2861
28623
28627
28628
28629
28631
28632
28636
28638
28640
28646
28647
28649
2864
28650
28653
28655
28657
28658
28659
28660
28663
28665
28666
28671
28672
28675
28676
28677
28679
28680
28683
28686
28687
28693
28695
28696
28697
28699
2869
286
28701
28703
28704
28705
28706
28707
2870
28710
28711
28712
28713
28714
28717
28718
28721
28722
28723
28724
28725
28726
28727
28732
28736
28738
28739
28742
28743
28745
28748
28752
28754
28755
28756
28757
28759
28760
28761
28762
28763
28767
28768
2876
28771
28772
28773
28774
28776
28777
28778
28779
2877
28780
28781
28783
28784
28786
28789
28790
28792
28793
28796
28797
28799
28800
28802
28803
28804
28806
28808
28814
28816
28817
28818
28826
28829
2882
28832
28837
28838
28839
2883
28840
28846
28848
2884
28853
28855
28857
28859
28862
28863
28867
28869
28871
28872
28873
28875
28876
28877
28878
28881
28882
28883
28884
28885
28887
2888
28893
288
28900
28902
28903
28905
28906
28907
28908
28910
28913
28914
28915
2891
28924
28925
28926
28927
28928
28930
28932
28933
28935
28940
28942
28943
28949
28950
28951
28952
28953
28954
28955
28956
2895
28961
28963
28964
28969
28970
28971
28972
28976
2897
28984
28986
28987
28988
28989
28990
28992
28995
28996
29000
29003
29004
29006
29007
29008
29009
29010
29012
29013
29014
29015
29016
29018
29019
2901
29020
29021
29023
29024
29025
29027
29029
2902
29032
29034
29038
29041
29044
29046
29048
2904
29050
29054
29057
29058
29059
29062
29065
29068
2906
29076
29082
29083
29086
29087
29089
2908
29090
29093
29096
29097
29101
29102
29103
29105
29108
2910
29112
29113
29114
29117
29120
29122
29123
29124
29125
29126
29127
29129
2912
29130
29131
29132
29133
29134
29135
29136
29139
2913
29141
29144
29146
29148
29150
29152
29153
29154
29155
29160
29164
29166
29168
29169
29173
29175
29176
29178
29179
29182
29189
29190
29191
29192
29194
29198
29199
291
29200
29202
29205
29207
29208
2920
29210
29213
29215
29221
29224
29225
29226
29228
2922
29230
29237
29238
29239
2923
29240
29241
29242
29245
29246
29247
29249
2924
29250
29252
29253
29256
29257
29259
2925
29263
29266
29267
29268
29269
29271
29272
29273
29274
29276
29279
2927
29284
29285
29287
2928
29293
29294
29295
29298
29299
2929
29301
29303
29307
29309
29312
29314
29316
29317
29319
29320
29321
29322
29323
29327
29328
29329
29330
29334
29335
29338
29339
2933
29341
29343
29346
29352
29353
29355
29356
29358
2935
29360
29361
29362
29363
29364
29365
29368
29369
29371
29372
29375
29376
29377
29379
2937
29380
29382
29384
29385
29387
29390
29391
29393
29397
29398
293
29404
29405
29406
29408
29409
29412
29415
29417
29421
29422
29426
29427
29429
2942
29430
29435
29437
29439
29441
29442
29444
29447
29448
2944
29450
29452
29454
29455
29456
29460
29464
29466
29467
2946
29471
29474
29475
29478
2947
29481
29486
29488
29489
29490
29494
29495
29499
294
29501
29502
29503
29504
2950
29510
29516
29523
29524
29526
29527
29529
2952
29531
29532
29534
29536
29537
29538
2953
29545
29546
29547
29549
2954
29551
29552
29554
29557
2955
29560
29562
29564
29568
2956
29576
29577
29579
2957
29582
29584
29585
29589
2958
29590
29591
29594
29597
29599
2959
29601
29602
29604
29606
29609
2960
29610
29613
29614
29617
29619
29620
29624
29626
29627
29629
29630
29634
29638
2963
29640
29642
29643
29644
29647
29648
29649
29650
29651
29652
29653
29654
29655
2965
29662
29663
29665
29666
29667
29669
2966
29670
29672
29675
2967
29682
2968
29690
29691
29692
29694
29697
29699
2969
29704
29706
29707
2970
29710
29712
29714
29716
29717
29718
2971
29720
29721
29722
29723
29724
29726
29727
29730
29731
29733
29736
29737
29738
29739
29743
29745
29746
29748
2974
29750
29755
29759
2975
29760
29761
29762
29763
29764
29766
29768
2976
29770
29772
29776
29777
2977
29781
29786
29787
29788
29791
29793
29795
29796
2979
297
29800
29801
29802
29804
29808
2980
29811
29812
29814
29819
29820
29822
29823
29824
29825
29826
29827
29832
29834
29837
29838
29840
29841
29842
29843
29844
29845
29846
29847
29848
29849
29852
29857
29858
29861
29864
29866
29869
2986
29874
29875
29877
29883
29886
29887
29889
29891
29892
29897
29899
2989
29901
29902
29903
29905
29906
29908
29909
29911
29912
29915
29916
29919
2991
29920
29921
29924
29925
29929
2992
29931
29932
29935
29940
29941
29948
29949
2994
29951
29952
29954
29956
29957
29958
29960
29967
29969
29971
29974
29975
29977
29978
29980
29981
29982
29983
29988
29990
29991
29992
29993
29994
29998
299
29
30002
30007
30008
30009
30010
30011
30013
30018
30019
30023
30025
30028
30030
30031
30033
30035
30037
3003
30041
30044
30047
30049
3004
30050
30057
30058
30059
30060
30061
30062
30063
30066
30068
30069
30071
30077
30078
30080
30081
30083
30084
30088
30089
30092
30094
30096
3009
30101
30102
30103
30113
30118
30120
30124
30126
30131
30133
30135
30137
3013
30140
30141
30142
30146
30149
3014
30152
30153
30154
30158
30159
30161
30162
30165
30166
30167
30168
3016
30170
30171
30172
30174
30176
30178
3017
30181
30182
30186
30187
30188
30189
3018
30191
30192
30194
301
30200
30201
30202
3020
30212
30214
30216
3021
30220
30223
30224
30226
30229
30231
30236
30237
30239
30241
30242
30243
30246
30247
30249
3024
30251
30252
30253
30256
30258
3025
30262
30263
30266
30267
30269
3026
30273
30274
30275
30276
30277
30278
30280
30281
30282
30286
30287
30288
30289
3028
30290
30291
30297
30302
30303
30305
30308
30310
30312
30314
3031
30320
30322
30327
30330
30331
30332
30333
30334
30335
30337
30338
3033
30341
30344
30345
30346
30348
30351
30354
30355
30357
30358
3035
30361
30363
30364
30367
30369
3036
30371
30374
30377
30378
3037
30381
30382
30383
30384
30385
30386
30388
3038
30390
30394
30397
30399
30400
30402
30405
30408
30409
3040
30411
30412
30413
30414
30415
30416
30417
30422
30423
30425
30428
30436
30441
30444
30447
30449
3044
30451
30452
30454
30456
30458
30460
30464
30465
30468
30471
30479
3047
30480
30483
30484
30485
30487
30488
30489
30490
30493
30494
30496
30498
30501
30502
30504
30505
30508
30510
30511
30512
30514
30517
30518
30519
3051
30521
30522
30523
30524
30525
30526
30528
30529
30530
30531
30536
30538
30539
30541
30544
30549
30550
30553
3055
30560
30562
30563
30564
30566
30569
30574
30577
30578
3057
30580
30584
30587
30589
3058
30595
30597
30599
305
30601
30602
30603
30604
30608
3060
30611
30612
30613
30614
30615
30616
30618
30619
3061
30620
30622
30623
30624
30631
30634
30638
30639
3063
30643
30644
30645
30646
30647
30648
30649
30650
30651
30653
30657
30658
30659
30660
30661
30662
30664
30666
30667
30670
30671
30673
30675
30676
30678
30679
30681
30683
30687
3068
30690
30692
30694
30695
30696
30697
306
30700
30702
30707
30709
3070
30713
30714
30715
30716
30718
30720
30726
30729
30731
30732
30735
30736
30738
30741
30747
30748
30749
30751
30752
30756
30758
30763
30767
30768
30770
30772
30775
30776
30778
30779
3077
30783
30784
30787
30788
30789
3078
30790
30791
30797
30799
307
30805
30806
30808
30809
30810
30812
30813
30814
30815
30816
30818
30819
30820
30823
30824
30826
30829
3082
30830
30831
30832
30833
30834
30836
30837
30839
3083
30840
30841
30842
30843
30844
30846
30848
3084
30850
30851
30852
30858
30859
3085
30863
30864
30865
30867
30869
30876
30879
30882
30883
30885
30887
30888
30889
30892
30893
30895
30896
308
30901
30902
30903
3090
30910
30911
30912
30917
30921
30923
30924
3092
30930
30933
30934
30936
30938
30942
30943
30949
3094
30952
30953
30954
30958
30962
30963
30964
30966
30969
30970
30971
30975
30977
30978
30980
30983
30985
30987
30988
30993
30996
30999
309
31002
31006
31009
3100
31010
31013
31015
31016
31017
31019
3101
31021
31024
31025
31027
31028
3102
31031
31032
31033
31034
31035
31037
31038
31039
31040
31042
31046
31047
3104
31054
31055
31058
3105
31065
31066
31067
31068
3106
31072
31073
31074
31076
31077
31078
31081
31082
31084
31085
31087
3108
31090
31092
31093
31097
31100
31101
31102
31104
31105
31106
31107
31108
31109
3110
31110
31112
31114
31115
31116
31117
31118
31119
31120
31121
31124
31125
31126
31127
31128
31129
3112
31132
31137
31139
3113
31141
31144
31145
31147
31148
31149
3114
31150
31153
31155
31157
31158
31159
3115
31160
31162
31164
31167
31168
31169
31170
31173
31175
3117
31180
31181
31183
31187
3118
31190
31191
31192
31196
31197
31204
31208
31211
31215
31218
3121
31220
31223
31226
31227
31228
31229
3122
31230
31231
31232
31234
31235
31236
31238
31239
3123
31240
31246
31248
31250
31253
31254
31255
31256
31257
31259
31261
31262
31263
31265
31268
31269
31270
31274
31277
3127
31280
31281
31282
31286
31288
31291
31299
31301
31302
31303
31305
31309
3130
31310
31313
31315
31316
31318
31319
31320
31322
31324
31325
31327
31328
31329
31331
31332
31334
31336
31337
3133
31341
31342
31344
31345
31346
31350
31351
31352
31353
31355
31356
31357
31358
31359
3135
31361
31362
31363
31364
31366
31367
31368
31369
31370
31371
31373
31374
31377
31379
31380
31382
31384
31386
31387
3138
31390
31396
31397
31398
31399
313
31400
31408
3140
31410
31411
31413
31414
31415
31418
31419
31420
31421
31422
31423
31424
31425
31426
31427
31428
31430
31431
31437
31438
31439
31441
31442
31443
31444
31446
31447
3144
31450
31451
31452
31455
31456
31458
3145
31466
31468
3146
31471
31473
31474
31479
31480
31482
31483
31487
31488
31489
3148
31490
31491
31492
31495
31498
314
31501
31502
31503
31505
31506
31508
31511
31512
31513
31515
31517
31518
31519
3151
31521
31522
31523
31524
31525
31527
31529
3152
31531
31533
31540
31544
31546
31547
31548
3154
31550
31554
31556
31561
31562
31563
31564
31565
31566
31568
31569
31574
31579
3157
31580
31582
31583
31584
31586
31592
31597
31599
315
31600
31601
31603
31605
31606
31608
31610
31611
31612
31614
31618
31619
31621
31624
31625
31628
31629
3162
31630
31632
31636
31646
31647
31656
31657
31659
3165
31660
31661
31663
31664
31665
31669
31670
31672
31677
31678
31679
3167
31682
31683
31686
31687
31688
31689
3168
31690
31693
31694
31697
31699
31700
31705
31708
31709
31712
31714
31715
31716
31718
3171
31720
31723
31725
31726
31727
31728
31729
3172
31731
31732
31735
31736
31737
31738
31739
31741
31742
31746
3174
31751
31752
31753
31755
31756
31757
31759
31760
31762
31765
31774
31775
31776
31779
31780
31781
31784
31785
3178
31792
31798
317
31800
31802
31803
31804
3180
31810
31817
31818
3181
31821
31822
31823
31826
31828
31829
31830
31831
31832
31836
31837
31838
31839
31841
31842
31847
31853
31856
31857
31860
31862
31863
31864
31866
31867
31868
31869
3186
31873
31874
31875
31876
31877
31878
3187
31880
31882
31884
31885
31887
31892
31893
31894
31896
318
31900
31901
31902
31904
31906
31907
31908
31910
31911
31913
31915
31917
31918
3191
31921
31922
31924
31928
3192
31935
31938
31939
3193
31941
31944
31945
31946
31947
31948
31950
31953
31954
31955
31956
31958
3195
31961
31963
31964
31965
31966
31969
31970
31974
31975
31978
31979
31981
31982
31985
31991
31992
31996
3199
31
32002
32004
32005
32006
32007
32009
32010
32012
32015
32016
32018
32019
3201
32022
32025
32026
32027
32029
3202
32031
32033
32035
32037
32038
32039
32042
32045
32047
32048
3204
32051
32053
32055
32060
32062
32064
32065
32069
3206
32072
32073
32074
32075
32079
3207
32083
32086
32087
32088
32094
32096
32097
32099
3209
320
32102
32103
32104
32105
32112
32114
32115
32117
32119
3211
32121
32123
32130
32137
32140
32141
32142
32143
32146
32149
3214
32150
32151
32152
32153
32157
32162
32163
32164
32165
32167
32168
32172
32173
32174
32175
32180
32181
32182
32187
32188
32191
32192
32194
32195
32199
32202
32204
32206
32207
32209
3220
32210
32213
32215
32218
32219
32220
32223
32225
32226
32228
32229
32232
32235
32236
32237
32238
3223
32248
32249
32251
32254
32257
32258
32259
32260
32261
32262
32264
32265
32266
32271
32272
32274
32277
32278
32279
32281
32283
32284
32285
32287
32290
32291
32296
32299
32301
32302
32309
3230
32310
32311
32313
32314
32316
3231
32320
32327
3232
32332
32333
32334
32336
32337
32340
32342
32345
32346
32348
32349
32350
32352
32353
32354
32355
32359
32360
32369
3236
32370
32372
32376
32378
3237
32381
32386
3238
32391
32392
32393
32396
32398
32399
32401
32402
32403
32406
32408
32409
32410
32412
32413
32416
32417
32419
3241
32425
32426
32427
3242
32433
32435
32437
3243
32441
32442
32443
32445
32446
32449
32452
32453
32455
32456
32460
32461
32464
32467
32468
32472
32474
32475
32476
32477
32478
3247
32482
32483
32485
32488
3248
32490
32492
32495
32496
32499
3249
32501
32507
32508
32509
3250
32510
32513
32516
32518
32520
32521
32524
32527
32528
32529
3252
32531
32532
32533
32534
32536
32537
32538
32539
3253
32543
32544
32547
3254
32553
32556
32557
32559
3255
32566
32567
32568
32570
32571
32572
32573
32575
32576
32578
3257
32585
32587
32589
32590
32591
32594
32595
32598
32599
32602
32605
32608
32609
32610
32611
32612
32618
3261
32620
32621
32624
32626
32627
32628
32630
32631
32632
32633
32634
32635
32637
32638
32641
32647
32648
32651
32654
32660
32661
32662
32663
32664
32672
32674
32676
32677
32679
3267
32681
32683
32688
32689
3268
32691
32692
32693
32694
32695
32697
32699
326
32704
32706
32707
3270
32712
32713
32714
32716
3271
32720
32721
32722
32724
32725
32726
32728
3272
32732
32733
32735
3273
32742
32746
32747
3274
32751
32754
32755
32756
32761
32767
32768
32770
32773
32774
32775
32778
3277
32780
32782
32783
32786
32789
32791
32795
32796
32797
32798
327
32801
32803
32804
32809
32810
32813
32816
32818
32822
32828
3282
32830
32831
32832
32833
32838
3283
32841
32843
32844
32847
32849
32850
32851
32853
32854
3285
32860
32861
32864
32866
32867
32869
3286
32870
32875
32879
32882
32884
32885
32887
32888
32890
32893
32894
32899
32901
32905
32908
32910
32912
32913
32916
32918
32921
32922
32923
32924
32927
3292
32931
32932
32936
32940
32943
32946
32947
32948
3294
32950
32951
32954
32958
32959
32960
32961
32962
32964
32965
32968
3296
32970
32973
32974
32977
32979
3297
32981
32986
32988
32989
3298
32995
32999
3299
329
33004
33005
33010
33012
33014
33015
33021
33023
33024
33025
33026
33027
33028
33029
33031
33032
33034
33035
33036
33039
3303
33041
33042
33043
33044
33045
33046
33047
33048
33049
33050
33051
33056
33057
33058
33060
33061
33066
3306
33071
33072
33074
33076
33077
33079
33082
33083
33085
33086
33090
33092
33094
33099
3309
33101
33102
33106
3310
33110
33117
33118
33121
3312
33130
33132
33133
33134
33135
33137
33143
33146
33147
3314
33154
33155
33156
33158
33159
33162
33164
33165
33166
33168
3316
33172
33173
33174
33176
3317
33180
33183
33184
33185
33187
33188
3318
33190
33191
33192
33196
33197
33198
33199
331
33201
33203
33205
3320
33212
33214
33215
33216
33217
3321
33220
33223
33225
33226
33227
33230
33231
33232
33233
33235
33239
3323
33241
33242
33243
33244
33245
33247
33248
3324
33250
33254
33255
33259
3325
33262
33263
33264
33267
33269
3326
33270
33275
33276
33278
3327
33283
33284
33288
33289
33291
33292
33293
33296
33298
33302
33304
33306
33307
33308
33309
33310
33313
33317
33318
3331
33325
33326
33328
33329
33330
33334
33336
33337
33338
33339
33340
33341
33343
33346
3334
33350
33351
33352
33353
33355
33356
33358
33359
33360
33365
33368
33369
3336
33370
33371
33372
33373
33376
33378
3337
33380
33382
33383
33385
33388
3338
33390
33393
33401
33404
33407
33408
3340
33411
33414
33418
33419
3341
33420
33421
33422
33423
33427
3342
33431
33432
33433
33439
33440
33444
33447
3344
33450
33454
33456
33457
33458
33463
33464
33465
33466
33467
33469
33470
33474
33476
33477
33478
33481
33483
33484
33487
33488
33489
33491
33492
33495
33496
33498
334
33506
33509
3350
33513
33515
33519
3351
33520
33522
33523
33526
33527
33528
3352
33531
33532
33538
33539
3353
33540
33541
33544
33546
33547
33552
33554
33557
33558
33559
33564
33565
33567
33572
33577
3357
33580
33581
33586
33587
33588
3358
33590
33592
33593
33595
33597
3359
335
33600
33601
33604
33607
3360
33610
33611
33612
33613
33617
33619
33620
33621
33622
33624
33626
33629
33630
33632
33633
33636
33637
33638
33639
33645
33647
33648
33652
33653
33655
33656
33660
33663
33664
33667
33668
33673
33676
33679
3367
33680
33681
33682
33683
33685
33692
33694
33695
33697
33698
3369
336
33702
33703
33707
33713
33715
33717
33718
33719
33722
33724
33725
33726
33727
33730
33737
33738
33739
33743
33745
33746
33747
3374
33750
33751
33754
33755
33758
33760
33762
33764
33765
33768
33769
33771
33776
33783
33788
33789
33791
33793
33799
3379
337
33800
33802
33803
33808
33810
33811
33814
33815
33817
33818
33824
33826
3382
33830
33831
33832
33833
33834
33835
33837
33838
33839
33842
33845
33847
33849
33851
33854
33857
33858
33859
3385
33861
33863
33864
33866
33867
33869
3386
33872
33875
33878
33880
33882
33885
33886
33893
33894
33896
33897
33898
33899
3389
33903
33904
33906
33908
3390
33910
33911
33912
33913
33915
33918
33919
3391
33921
33922
33925
3392
33931
33933
33934
33935
33936
33939
33942
33946
33952
33953
33954
33956
33958
33959
33960
33965
33971
33972
33974
33979
3397
33981
33983
33984
33986
33987
33990
33992
33998
3399
33
34001
34003
34005
34006
3400
34012
34016
34017
3401
34025
34030
34039
34041
34042
34046
34047
34048
34049
3404
34052
34053
34054
34055
34059
34060
34061
34063
34064
34067
34068
34069
3406
34072
34073
34075
34078
34079
3407
34081
34083
34085
34088
34089
34093
34095
3409
34100
34101
34103
34109
34111
34112
34113
34114
34119
34125
34128
3412
34131
34132
34134
34135
34136
34139
3413
34140
34141
34142
34143
34146
3414
34150
34152
34153
34155
34156
34157
34158
34166
34168
34170
34173
3419
341
3421
3423
3424
3425
3427
3428
3430
3434
3435
3436
3437
343
3440
3442
3443
3444
3451
3454
3457
345
3468
3470
3471
3481
3484
3485
3486
3487
3488
3489
348
3492
3497
3499
3501
3504
3507
3508
3509
350
3512
3517
3518
3520
3521
3524
3526
3529
3536
3540
3543
3544
3547
3549
354
3550
3551
3553
355
3563
3565
3567
3568
3569
356
3572
3573
3576
3579
357
3580
3581
3588
3590
3595
3596
3602
3605
3606
360
3610
3612
3614
3617
3619
3621
3623
3624
3625
3626
3627
3628
3631
3634
3635
3636
3638
3639
363
3642
3643
3644
3647
3648
3649
3653
3655
3656
3657
3658
3659
365
3660
3661
3664
3665
3667
366
3671
3673
3674
3675
3679
3680
3682
3683
3684
3685
3686
3690
3691
3694
3702
3703
3706
3709
370
3710
3712
3713
3716
3719
3720
3721
3722
3728
3729
372
3730
3732
3735
3739
373
3742
3744
3746
3748
3749
374
3750
3752
3753
3755
3756
3757
3758
375
3764
3766
3769
376
3770
3772
3774
3779
3782
3784
3787
3788
3789
378
3791
3796
3798
379
3801
3804
3805
3806
3807
3809
3810
3814
3816
3817
3820
3821
3823
3824
3829
382
3830
3831
3833
3835
3839
3849
384
3852
3856
3858
3859
385
3861
3862
3863
3867
3868
386
3871
3875
3877
3878
3879
3880
3881
3882
3885
3886
3888
3889
388
3890
3891
3892
3894
3896
3897
3898
3899
389
38
3900
3901
3902
3903
3904
3906
3907
3909
3911
3912
3914
3915
3919
3921
3924
3931
3932
3934
393
3941
3942
3946
3949
394
3950
3953
3954
3955
3958
3959
3962
3964
3965
3967
3968
3969
3970
3971
3974
3975
3978
3980
3982
3983
3984
3986
3988
3991
3993
3994
3995
3996
3998
4000
400
4011
4016
4018
4019
4020
4021
4022
4023
4024
4025
4029
4031
4034
4036
4038
403
4041
4045
4047
4048
404
4051
4053
4054
4056
4058
4059
4060
4061
4064
4066
4069
4070
4072
4073
4074
4079
4082
4083
4085
4086
4087
4088
408
4093
4098
4099
409
4100
4101
4103
4109
4110
4111
4112
4113
4114
4116
4120
4123
4125
4127
4128
4129
4130
4132
4133
4138
4145
4148
414
4154
4156
4159
4160
4161
4164
4165
4167
4169
416
4177
4179
4180
4183
4187
4188
4194
4196
4197
4203
4206
4207
4208
4209
420
4210
4211
4216
4217
421
4225
422
4230
4232
4235
4236
4239
4242
4244
4246
4248
424
4253
4255
4261
4262
4265
4266
4267
4268
4269
426
4270
4272
4273
4274
4275
4276
4280
4281
4283
4285
4286
4287
4288
4289
428
4298
4299
429
42
4301
4303
4306
4309
4310
4311
4314
4315
4318
4319
4321
4322
4324
4325
4326
4332
4333
4334
4335
4337
4338
4339
4341
4343
4345
4346
4347
4353
4354
4357
4358
435
4360
4361
4362
4365
4366
4367
4369
4370
4371
4372
4377
437
4380
4381
4382
4383
4384
4385
4386
4387
4388
4389
438
4391
4392
4393
4395
4397
4398
4399
4400
4402
4403
4405
4409
440
4410
4411
4416
4417
4418
4419
4420
4422
4423
4425
4427
4428
4429
442
4434
4437
4443
4445
4452
4453
4455
4456
4458
4459
445
4460
4461
4462
4464
4466
4468
4469
446
4471
4472
4473
4476
4478
447
4480
4481
4484
448
4490
4492
4494
4495
4497
4499
449
4504
4505
4507
4511
4512
4515
4516
4518
4522
4523
4527
4529
452
4532
4534
4536
4537
4538
4541
4542
4544
4546
4554
4555
4557
4558
4559
4560
4562
4563
4565
4568
4571
4575
4577
4578
4579
4583
4584
4585
4587
458
4591
4592
4596
4597
4598
4599
459
45
4603
4604
4605
4608
4609
460
4610
4611
4612
4614
4615
4617
4619
4621
4624
4625
462
4630
4631
4632
4634
4635
4636
4637
4640
4641
4644
4645
4647
464
4651
4652
4654
4655
4657
4658
4660
4664
4667
4669
4670
4674
4675
4676
4678
4679
4680
4683
4684
4686
4688
4691
469
46
4700
4701
4705
4706
4707
4708
4709
470
4712
4713
4715
4716
4717
4718
4719
471
4720
4725
4727
472
4733
4735
4737
4738
473
4740
4742
4744
4750
4751
4756
4762
4763
4764
4765
4767
4768
476
4770
4771
4774
4775
4777
4781
4782
4785
4788
4789
4791
4792
4793
4794
4795
4797
4800
4804
4805
4810
4811
4818
4821
4825
4826
4830
4831
4832
4833
4835
4838
483
4842
4845
4848
484
4850
4851
4852
4856
4857
4858
485
4860
4861
4864
4865
4868
4869
486
4872
4873
4875
4877
4878
4885
4886
4888
4890
4891
4893
4894
4895
4899
48
4900
4901
4904
4906
4909
4910
4911
4916
4918
4919
491
4920
4924
4925
492
4931
4934
4938
4940
4944
4947
494
4951
4953
4955
4957
4958
495
4960
4965
4966
4967
496
4970
4971
4974
4976
4977
4978
4979
4981
4982
4984
4988
498
4990
4993
4994
4998
4
5002
5003
5009
5010
5011
5012
5016
5017
501
5020
5021
5022
5026
5027
5029
5030
5032
5033
5034
5036
5037
5039
5040
5043
5044
5045
5046
504
5050
5052
5054
5055
5057
505
5063
5064
5067
5069
5075
5076
5079
507
5083
5090
5092
5093
5094
5096
50
5100
5101
5105
5106
5107
5108
5109
510
5110
5112
5115
5119
511
5121
5122
5123
5126
5128
5130
5131
5133
5134
5136
5137
5138
513
5144
514
5152
5153
5155
5158
5159
515
5162
5163
5164
5167
5168
5169
516
5170
5175
5177
5178
517
5181
5182
5183
5184
5187
5188
5192
5193
5194
5196
5198
5199
51
5200
5204
5205
5207
5209
5210
5211
5212
5214
5215
5217
5218
521
5222
522
5230
5231
5233
5235
5238
523
5241
5243
5247
5249
524
5250
5251
5252
5255
5257
5258
525
5263
5264
5265
5268
5270
5271
5272
5273
5276
5279
527
5281
5282
5283
5288
5289
528
5293
5295
5296
5297
5298
5299
5301
5305
5307
5311
5314
5315
5316
5317
5318
5319
5321
5322
5324
5325
5326
5327
5329
5330
5331
5332
5338
5339
533
5344
5345
534
5351
5355
5356
5357
5358
5359
535
5360
5364
5369
536
5371
5373
5376
5377
5378
5379
5380
5381
5385
5386
5388
5391
5392
5396
5399
539
5403
5404
5405
5409
540
5410
5411
5413
5415
5416
5418
5419
5420
5424
5427
5429
5432
5433
5434
5435
5440
5441
5442
5443
5444
5445
5448
5449
5452
5454
5456
5460
5462
5463
5464
5467
5469
546
5470
5472
5473
5474
5476
5479
547
5481
5483
5484
5487
5489
548
5491
5495
5498
549
54
5500
5501
5502
5503
5504
5505
5507
550
5510
551
5523
5527
5528
5532
5539
5540
5541
5542
5543
5546
5549
554
5550
5557
5558
5560
5561
5563
5564
5566
5567
5575
5576
5577
5578
557
5581
5586
5589
5593
5595
5596
5597
5599
5600
5603
5607
5609
5611
5613
5619
561
5624
5625
562
5633
5635
5636
5637
5638
5640
5642
5643
5646
5650
5657
5658
565
5660
5661
5663
5664
5665
5667
5669
566
5670
5671
5675
5677
5678
5679
567
5680
5682
5683
5685
568
5690
5696
5697
569
5700
5701
5702
5703
5706
5707
5709
5711
5714
5716
5721
5722
5723
5724
5727
5728
5729
5730
5731
5732
5733
5734
5735
5737
5738
5741
5743
5745
5746
5749
5751
5753
5757
575
5760
5761
5765
5766
5769
576
5770
5773
5774
5775
5779
5781
5783
5784
5787
5788
5790
5791
5797
5798
580
5811
5815
5819
581
5820
5824
5826
5827
5830
5832
5835
5838
5839
583
5844
5845
5846
5847
5849
5852
5853
5859
585
5861
5863
5866
5867
5868
5869
5871
5872
5873
5874
5877
5878
5879
5882
5885
5886
5887
5888
5889
5890
5891
5892
5893
5897
5898
589
5901
5902
5903
5904
5908
590
5911
5914
5915
5916
5917
5919
5920
5921
5922
5923
5924
5928
5929
592
5930
5931
5936
5937
5939
593
5942
5943
5945
5947
5948
5949
5951
5952
5956
5958
5959
5960
5962
5964
5965
596
5970
5971
5974
5975
5976
5978
597
5980
5981
5983
5985
5987
5988
5992
5994
5995
5996
5997
6000
6001
6002
6005
6009
600
6010
6013
6015
6017
6019
601
6022
6026
6029
6031
6034
6038
6039
603
6043
6046
6048
604
6051
6052
6054
6058
6060
6061
6063
6066
6067
6068
6069
6072
6073
6075
6076
6078
607
6080
6081
6082
6084
6086
6087
608
6091
6093
6095
6096
6098
6099
60
6101
6102
6104
6106
6107
610
6112
6114
6118
611
6120
6121
6122
6124
6132
6133
6137
6138
6139
6146
6147
6151
6152
6153
6155
6157
6159
615
6160
6163
6164
6165
6166
6168
6169
6174
6178
617
6181
6186
6189
618
6191
6192
6194
6196
6197
6198
619
6202
6203
6205
6207
6209
620
6210
6211
6212
6213
6216
6219
621
6222
6224
6226
6227
6228
6229
622
6231
6233
6234
6235
6236
6238
6239
623
6240
6241
6244
6247
6249
624
6250
6254
6259
625
6260
6263
6265
6269
6270
6271
6273
6274
627
6281
6282
6283
6286
6288
628
6290
6292
6293
6294
6295
6297
6299
6300
6302
6304
6307
6308
630
6311
6313
6315
6316
6319
6320
6323
6328
6329
632
6330
6331
6332
6333
6334
633
6343
6347
6350
6353
6354
6355
6357
6360
6361
6365
6366
6371
6376
6377
6378
6379
6383
6384
6386
6389
6393
6394
6396
639
6400
6401
6402
6405
6407
6408
6409
640
6410
6411
6415
6418
641
6422
6425
6426
6428
6429
6430
6431
6435
6436
6437
6439
643
6441
6444
6445
6447
6449
644
6451
6455
6459
645
6462
6466
6467
6468
6469
646
6473
6474
6476
6478
6479
647
6481
6482
6483
6485
6491
6492
6494
6495
6499
6500
6502
6504
6511
6512
6514
6515
6516
6518
6519
6520
6521
6523
6526
6529
652
6532
6533
6535
6537
653
6541
6542
6543
6546
6548
6550
6551
6554
6555
6556
6557
6559
6562
6563
6565
6566
656
6577
6578
657
6586
6587
6590
6591
6592
6594
6596
6598
659
65
6600
6602
6604
6605
6606
6607
6608
660
6610
6611
6613
6614
6615
6616
6619
661
6620
6621
6622
6625
6629
662
6630
6631
6632
6633
6634
6635
6636
6638
6639
6640
6643
6645
6646
6647
6649
6650
6651
6652
6653
6654
6657
6658
665
6660
6664
6666
6667
6668
666
6671
6672
6676
6678
667
6681
6683
6685
6687
6688
6689
6691
6693
6694
6695
6696
6698
6699
669
66
6700
6703
6704
6706
6709
670
6711
6713
6715
6716
6717
6718
6719
6722
6724
6730
6731
6735
6736
6739
673
6740
6741
6742
6743
6745
6749
6750
6752
6755
6756
6757
675
6760
6761
6763
6764
6769
676
6770
6771
6772
6773
6775
6778
6781
6782
6783
6789
678
6791
6794
6795
679
67
6803
6804
6806
6809
680
6810
6811
6813
6816
6818
6819
6821
6824
6828
6829
682
6830
6832
6833
6834
6837
6838
683
6840
6842
6843
6845
6846
684
6851
6855
6856
6859
685
6861
6862
6864
6866
6869
686
6872
6874
6878
687
6881
6884
6885
6887
688
6890
6892
6895
6896
6897
6898
6899
689
68
6900
6903
6904
6905
6908
6912
6913
6914
6916
6917
6918
691
6920
6922
6923
6928
6932
6935
6937
6939
6940
6942
6943
6944
6947
6948
6949
694
6952
6954
6956
6960
6967
6968
6969
6970
6971
6972
6973
6974
6975
6976
6977
6978
697
6980
6983
6986
6987
6989
6990
6992
6993
6995
6996
6997
6998
6999
699
6
7000
7003
7004
7005
7009
7010
7012
7014
7015
7017
7021
7026
7028
7029
702
7034
7037
7038
7039
7040
7041
7043
7045
7048
7051
7052
7053
7055
7057
7059
705
7062
7063
7065
7066
7067
7070
7071
7072
7073
7074
7075
7076
7077
7078
707
7081
7084
7085
7086
7088
7089
7091
7093
7094
7095
7099
7102
7104
7105
7106
7109
7111
7116
7117
7122
7125
7126
7130
7131
7133
7134
7136
7137
7138
7139
713
7142
7146
7148
7149
714
7150
7152
7153
7154
7155
7157
7159
7160
7161
7163
7164
7166
7167
7169
7173
7174
7175
7177
7179
717
7180
7181
7186
7192
71
7203
7204
7205
7206
7208
7209
720
7211
7213
7215
7219
7220
7221
7222
7225
7227
7229
7230
7231
7235
7237
7238
7239
723
7240
7241
7243
7246
7247
7249
724
7251
7253
7254
725
7262
7267
7268
726
7272
7273
7276
7278
7280
7281
7285
7289
7293
7294
7295
7296
72
7309
730
7313
7315
7316
7322
7323
7324
7325
7328
7329
732
7330
7331
7333
7335
7339
733
7340
7341
7342
7344
734
7353
7357
7359
735
7361
7365
7372
7377
7379
7380
7384
7385
7386
7388
7390
7391
7392
7393
7394
7395
7397
7398
7399
739
7400
740
7411
7414
7417
7419
7422
7423
7424
7426
7427
7429
7430
7433
7435
7438
7439
7449
7450
7451
7452
7455
7456
7457
7460
7461
7462
7464
7465
7466
7469
7471
7472
7474
7475
7482
7483
7486
7487
7488
7489
748
7493
7494
7495
7496
7497
7498
7499
74
7506
7508
7509
7510
7513
7517
7518
7520
7521
7522
752
7532
7533
7535
7539
753
7540
7547
7549
754
7553
7556
7557
755
7560
7561
7564
7566
7569
7570
7573
7574
7575
7579
7583
7590
7591
7597
759
75
7605
7607
7608
7611
7612
7613
7614
7618
7619
761
7621
7623
7627
7628
762
7630
7631
7633
7634
7635
7636
7638
7640
7641
7643
7644
7645
7647
7648
764
7650
7651
7653
7656
7658
7660
7661
7663
7664
7667
7670
7673
7676
7678
7679
767
7681
7683
7685
7686
7687
7688
7689
768
7690
7691
7692
7695
7697
7699
769
76
7700
7704
7706
7712
7714
7716
7717
7719
771
7720
7722
7723
7725
7726
7731
7732
7733
7736
7738
7743
7745
7746
7748
7749
7750
7751
7752
7753
7754
7758
7759
7762
7765
7766
7768
776
7770
7771
7773
7777
7779
777
7782
7783
7785
7786
7788
7789
778
7790
7793
7796
7797
7801
7803
7804
7806
7807
7809
7813
7814
7815
7817
7819
7821
7822
7823
7831
7832
7834
7837
783
7841
7843
7844
7847
7848
7849
7851
7854
7856
7862
7863
7864
7865
7868
786
7876
7877
7878
7879
787
7883
7884
7888
7889
7892
7893
7894
7895
7897
7899
78
7900
7902
7904
7905
7906
7908
7909
790
7910
7913
7914
7916
7918
7920
7922
7924
7926
7928
7929
792
7931
7932
7933
7934
7935
7937
793
7940
7941
7945
7946
7948
7949
7951
7954
7956
7959
795
7961
7964
7966
7967
7968
7969
7970
7971
7973
7979
7980
7986
7988
7993
7996
7997
7999
8000
8001
8003
8006
8007
8009
8010
8011
8012
8013
8014
8015
8016
8017
8018
801
8020
8023
8026
8030
8031
8035
803
8042
8045
8047
804
8050
8051
8053
8055
8060
8061
8062
8063
8067
8068
8069
806
8071
8074
8075
8079
8080
8083
8086
8087
8088
8098
8099
809
8101
8102
8103
8105
8106
8107
8108
8109
810
8111
8112
8113
8118
8120
8121
8122
8125
8127
8129
8131
8132
8140
8141
8142
8143
8144
8145
8148
8150
8151
8153
8156
8157
8158
815
8160
8164
8165
8166
8168
8169
816
8171
8172
8175
8179
817
8180
8181
8182
8186
8188
8189
8190
8191
8192
8196
8198
8199
8200
8201
8202
8203
8204
8206
8208
8210
8211
8215
8221
8222
8223
8224
8225
8226
8229
822
8230
8231
8233
8234
8235
823
8240
8243
8245
8246
8248
824
8250
8251
8252
8254
8255
825
8260
8262
8269
8271
8277
8280
8284
8285
8286
8287
8288
828
8291
8293
8295
8297
8299
829
8301
8303
8304
8308
8310
8312
8314
8315
8316
8320
8321
8324
8325
8327
8328
8329
832
8331
8332
8333
8335
8339
8342
8343
8345
8347
8349
834
8351
8353
8359
8360
8363
8364
8367
8369
8371
8374
8376
8377
8379
837
8381
8385
8386
8387
8390
8393
8394
8397
839
8402
8406
8407
8408
8409
840
8411
8413
8414
8415
8416
8417
8419
8421
8422
8423
8424
8426
8429
842
8431
8433
8437
8438
843
8440
8441
8442
8450
8458
8459
8460
8461
8465
8466
8467
8468
8469
846
8471
8472
8476
8477
8479
847
8482
8487
8488
848
8490
8493
8497
84
8501
8502
8503
8505
8507
8508
8509
8513
8514
8515
8517
8518
8521
8522
8523
8524
8528
8531
8532
8535
853
8540
8541
8543
8544
8545
8546
8548
8552
8558
8559
855
8562
8563
8564
8566
8567
856
8570
8572
8575
8577
8578
8580
8581
8586
8587
858
8590
8592
8593
8598
8600
8602
8606
8607
8608
8609
860
8610
8611
8612
8613
8616
8618
8620
8621
8622
8625
8626
8627
8628
8629
862
8630
8631
8632
8638
863
8641
8643
8644
8646
864
8650
8654
8657
8659
865
8664
8665
8669
866
8671
8673
8674
867
8682
8685
8688
868
8691
8699
869
86
8700
8702
8703
8708
8709
870
8710
8713
8717
8718
8719
8722
8723
8724
8728
8729
8731
8734
8737
8738
8739
8745
8747
8748
874
8750
8751
8755
8757
8758
8759
8761
8762
8763
8766
8767
8768
876
8772
8776
8782
8785
8787
8788
878
8790
8792
8794
8795
8796
8798
879
8800
8801
8802
8805
8807
880
8810
8812
8816
8818
881
8825
8826
8827
8829
882
8834
8835
8837
8839
883
8840
8843
8844
8845
8848
884
8852
8857
8859
885
8862
8865
8866
8868
886
8870
8871
8873
8876
8877
8878
8880
8881
8882
8883
8885
8888
8890
8891
889
88
8903
8904
8905
8908
890
8915
8917
8918
8920
8921
8922
8923
8925
8927
8929
8930
8931
8934
8935
8936
8938
8939
8940
8944
8945
8946
8949
8955
8956
8958
8959
895
8960
8961
8963
896
8970
8971
8972
8973
8975
8977
8982
8984
8987
8988
8989
898
8990
8992
8996
8997
8998
8999
89
8
9000
9002
9003
9004
9006
9012
9018
9021
9025
9027
9028
9029
902
9030
9036
9037
9038
9039
9040
9041
9043
9044
9047
904
9050
9051
9053
9054
9055
9057
9058
905
9063
9064
9066
9069
906
9070
9073
9075
9076
9077
9078
9079
9083
9086
9087
9088
9089
9092
9096
9099
9101
9102
9103
9104
9106
9109
910
9111
9115
9117
9118
911
9121
9123
9125
9126
9129
9130
9131
9132
9133
9135
9136
913
9140
9141
9142
9143
9145
9147
9148
9152
9155
9156
9159
915
9161
9162
9164
9166
9168
9169
916
9172
9174
9175
9176
9180
9181
9182
9187
918
9191
9192
9194
9195
9196
9197
919
9200
9202
9203
9205
9207
9208
9209
9210
9211
9212
9214
9215
9217
9219
921
9220
9222
9225
9227
9228
922
9231
9234
9235
9238
923
9243
9244
9246
9247
9249
9252
9253
9258
9259
925
9261
9263
9265
9269
9272
9274
9276
9278
9279
927
9284
9288
928
9290
9291
9293
9294
9295
9296
9299
9300
9306
9309
9310
9311
9312
9314
9316
9318
9319
931
9321
9322
9330
9331
9333
9339
9343
9345
9346
9349
9350
9351
9353
9354
9355
9356
9357
9360
9362
9363
9365
9366
9369
9370
9371
9374
9375
9376
9377
9378
9381
9382
9387
9389
938
9390
9393
9394
9395
9396
9400
9404
9405
9406
9411
9415
9417
9418
9420
9421
9423
9426
9432
9435
9438
9439
943
9442
9444
9445
9447
9448
9449
944
9451
9456
945
9460
9461
9462
9463
9464
9467
9468
9470
9476
9477
9478
9480
9481
9483
9484
9485
9489
948
9493
9497
949
9501
9505
9508
9513
9514
9518
9521
9522
9523
9524
9525
9526
9527
9528
952
9533
9535
9537
9538
953
9541
9544
9548
9549
9550
9551
9553
9554
9560
9563
9567
956
9575
9576
9577
9578
957
9581
9584
9586
9587
958
9590
9592
9593
9594
9596
9598
959
9601
9602
9604
9605
9607
9608
9609
9616
9617
961
9623
9624
9625
9627
9630
9631
9632
9633
9635
9636
9637
9638
963
9644
9646
9650
9655
9656
9657
9665
9666
9668
9669
9683
9686
9687
9688
968
9690
9692
9697
9698
969
96
9703
9705
9706
9709
9711
9712
9714
9716
9723
9725
9726
9727
9729
9731
9733
9735
9736
9739
9740
9741
9743
9744
9746
9747
9749
9750
9751
9752
9753
9755
9758
9760
9761
9763
9764
9766
9768
9770
9771
9772
9775
9779
977
9781
9783
9787
9788
9789
978
9790
9791
9793
9794
9795
9796
9798
97
9804
9806
9809
9810
9813
9815
9816
9819
981
9822
9824
9827
9829
982
9831
9835
9839
9842
9843
9844
9846
9851
9858
9863
9864
9865
9866
9869
986
9872
9873
9875
9877
9878
9879
9880
9882
9884
988
9890
9891
9899
9902
9905
990
9910
9911
9915
9916
9919
9921
9925
9927
9930
9931
9933
9935
9939
993
9943
9944
9945
9947
9948
9949
994
9951
9956
9957
995
9960
9962
9964
9965
9966
9968
9970
9975
9977
9978
997
9981
9983
9984
9985
9988
9989
998
9991
9992
9993
9994
9995
9996
9
